%YAML:1.0
---
scan_line: [ -9.50893860e+01, 0., .Nan, -9.50023041e+01, 0., .Nan,
    -9.49152145e+01, 0., .Nan, -9.48281250e+01, 0., .Nan,
    -9.47410355e+01, 0., .Nan, -9.46539459e+01, 0., .Nan,
    -9.45668640e+01, 0., .Nan, -9.44797668e+01, 0., .Nan,
    -9.43926849e+01, 0., .Nan, -9.43056030e+01, 0., .Nan,
    -9.42185059e+01, 0., .Nan, -5.80289230e+01, 0., -1.67011528e+01,
    -9.40443344e+01, 0., .Nan, -9.39572525e+01, 0., .Nan,
    -4.71120720e+01, 0., 1.71388092e+01, -9.37830658e+01, 0., .Nan,
    -9.36959839e+01, 0., .Nan, -5.88748627e+01, 0., -2.04633503e+01,
    -9.35215836e+01, 0., .Nan, -9.34343872e+01, 0., .Nan,
    -9.33471832e+01, 0., .Nan, -9.32599792e+01, 0., .Nan,
    -9.31727753e+01, 0., .Nan, -9.30855789e+01, 0., .Nan,
    -9.29983826e+01, 0., .Nan, -5.49427452e+01, 0., -9.46518612e+00,
    -9.28239746e+01, 0., .Nan, -5.84202805e+01, 0., -2.08984528e+01,
    -9.26495743e+01, 0., .Nan, -9.25623779e+01, 0., .Nan,
    -6.02432404e+01, 0., -2.72616882e+01, -5.04625816e+01, 0.,
    3.82057357e+00, -5.92776718e+01, 0., -2.45788956e+01,
    -4.77331581e+01, 0., 1.22522326e+01, -5.46805496e+01, 0.,
    -1.02345285e+01, -9.20388336e+01, 0., .Nan, -5.76940308e+01, 0.,
    -2.02800941e+01, -5.45605164e+01, 0., -1.03886347e+01,
    -4.87995224e+01, 0., 8.02219105e+00, -9.16895828e+01, 0., .Nan,
    -9.16022644e+01, 0., .Nan, -9.15149536e+01, 0., .Nan,
    -9.14276428e+01, 0., .Nan, -9.13403320e+01, 0., .Nan,
    -9.12530212e+01, 0., .Nan, -9.11657028e+01, 0., .Nan,
    -9.10783920e+01, 0., .Nan, -5.67299728e+01, 0., -1.92603798e+01,
    -9.09037628e+01, 0., .Nan, -4.86539536e+01, 0., 6.69330072e+00,
    -9.07289124e+01, 0., .Nan, -9.06414871e+01, 0., .Nan,
    -9.05540619e+01, 0., .Nan, -5.25738602e+01, 0., -6.81585169e+00,
    -9.03792114e+01, 0., .Nan, -9.02917862e+01, 0., .Nan,
    -9.02043610e+01, 0., .Nan, -9.01169357e+01, 0., .Nan,
    -5.83840599e+01, 0., -2.67870522e+01, -8.99420853e+01, 0., .Nan,
    -4.79701576e+01, 0., 7.11153889e+00, -8.97672348e+01, 0., .Nan,
    -8.96798096e+01, 0., .Nan, -8.95923843e+01, 0., .Nan,
    -4.68528748e+01, 0., 1.01445475e+01, -4.45928612e+01, 0.,
    1.74777374e+01, -4.78281097e+01, 0., 6.57701826e+00, -8.92423477e+01,
    0., .Nan, -8.91548157e+01, 0., .Nan, -8.90672760e+01, 0., .Nan,
    -8.89797363e+01, 0., .Nan, -4.46594009e+01, 0., 1.63095360e+01,
    -8.88046646e+01, 0., .Nan, -8.87171326e+01, 0., .Nan,
    -5.48761940e+01, 0., -1.83641205e+01, -8.85420532e+01, 0., .Nan,
    -8.84545135e+01, 0., .Nan, -8.83669815e+01, 0., .Nan,
    -4.32761688e+01, 0., 1.98420887e+01, -8.81919098e+01, 0., .Nan,
    -8.81043701e+01, 0., .Nan, -8.80167236e+01, 0., .Nan,
    -5.00666962e+01, 0., -3.72015285e+00, -4.38503113e+01, 0.,
    1.71146164e+01, -4.60967445e+01, 0., 9.35150909e+00, -5.59283218e+01,
    0., -2.40723724e+01, -8.75784836e+01, 0., .Nan, -8.74908371e+01, 0.,
    .Nan, -5.67115784e+01, 0., -2.73176479e+01, -5.58731956e+01, 0.,
    -2.46982918e+01, -8.72278976e+01, 0., .Nan, -8.71402435e+01, 0.,
    .Nan, -8.70525970e+01, 0., .Nan, -8.69649506e+01, 0., .Nan,
    -8.68773041e+01, 0., .Nan, -4.78702850e+01, 0., 1.40438509e+00,
    -4.74129829e+01, 0., 2.79300094e+00, -5.47139091e+01, 0.,
    -2.23940620e+01, -4.96414108e+01, 0., -5.21774817e+00,
    -8.64387360e+01, 0., .Nan, -8.63509750e+01, 0., .Nan,
    -4.75727844e+01, 0., 1.35004163e+00, -5.02363434e+01, 0.,
    -8.01801586e+00, -8.60877075e+01, 0., .Nan, -8.59999390e+01, 0.,
    .Nan, -8.59121857e+01, 0., .Nan, -8.58244247e+01, 0., .Nan,
    -8.57366638e+01, 0., .Nan, -8.56489105e+01, 0., .Nan,
    -8.55611420e+01, 0., .Nan, -8.54733963e+01, 0., .Nan,
    -8.53856354e+01, 0., .Nan, -8.52978745e+01, 0., .Nan,
    -8.52100067e+01, 0., .Nan, -4.46161308e+01, 0., 9.31225491e+00,
    -8.50342712e+01, 0., .Nan, -8.49464035e+01, 0., .Nan,
    -8.48585358e+01, 0., .Nan, -8.47706680e+01, 0., .Nan,
    -4.25096931e+01, 0., 1.58432140e+01, -8.45949326e+01, 0., .Nan,
    -8.45070648e+01, 0., .Nan, -8.44191971e+01, 0., .Nan,
    -8.43313293e+01, 0., .Nan, -8.42434616e+01, 0., .Nan,
    -8.41555939e+01, 0., .Nan, -5.42709007e+01, 0., -2.69037189e+01,
    -8.39798584e+01, 0., .Nan, -8.38919907e+01, 0., .Nan,
    -4.08577843e+01, 0., 2.00231495e+01, -8.37160416e+01, 0., .Nan,
    -4.28404350e+01, 0., 1.26280775e+01, -4.86798363e+01, 0.,
    -8.36410236e+00, -4.15355644e+01, 0., 1.69402122e+01,
    -8.33641281e+01, 0., .Nan, -4.33077126e+01, 0., 1.02600241e+01,
    -8.31881714e+01, 0., .Nan, -8.31001968e+01, 0., .Nan,
    -4.09002380e+01, 0., 1.83732376e+01, -8.29242401e+01, 0., .Nan,
    -4.15495911e+01, 0., 1.56984863e+01, -4.87499237e+01, 0.,
    -1.04032164e+01, -8.26603012e+01, 0., .Nan, -8.25723267e+01, 0.,
    .Nan, -8.24843521e+01, 0., .Nan, -8.23962631e+01, 0., .Nan,
    -4.21659470e+01, 0., 1.24290180e+01, -8.22201004e+01, 0., .Nan,
    -4.48229904e+01, 0., 2.42829752e+00, -4.03606644e+01, 0.,
    1.84628048e+01, -8.19558411e+01, 0., .Nan, -8.18677521e+01, 0., .Nan,
    -4.99120789e+01, 0., -1.68626614e+01, -3.98375473e+01, 0.,
    1.96909676e+01, -8.16035004e+01, 0., .Nan, -8.15154114e+01, 0., .Nan,
    -4.56350784e+01, 0., -2.06494141e+00, -8.13392334e+01, 0., .Nan,
    -8.12511597e+01, 0., .Nan, -8.11630707e+01, 0., .Nan,
    -8.10749817e+01, 0., .Nan, -4.70187492e+01, 0., -8.14004707e+00,
    -8.08985977e+01, 0., .Nan, -8.08103943e+01, 0., .Nan,
    -8.07222061e+01, 0., .Nan, -5.18176727e+01, 0., -2.66222343e+01,
    -8.05458221e+01, 0., .Nan, -5.13067589e+01, 0., -2.51941319e+01,
    -8.03694305e+01, 0., .Nan, -4.00772438e+01, 0., 1.60368843e+01,
    -8.01930389e+01, 0., .Nan, -8.01048508e+01, 0., .Nan,
    -8.00166550e+01, 0., .Nan, -7.99284592e+01, 0., .Nan,
    -7.98402710e+01, 0., .Nan, -7.97520752e+01, 0., .Nan,
    -3.91135330e+01, 0., 1.84056034e+01, -4.24247589e+01, 0.,
    5.79397678e+00, -7.94872742e+01, 0., .Nan, -7.93989716e+01, 0., .Nan,
    -7.93106766e+01, 0., .Nan, -7.92223740e+01, 0., .Nan,
    -7.91340790e+01, 0., .Nan, -7.90457764e+01, 0., .Nan,
    -4.09565239e+01, 0., 1.00091934e+01, -3.93973351e+01, 0.,
    1.57336264e+01, -7.87808685e+01, 0., .Nan, -7.86925659e+01, 0., .Nan,
    -4.64558640e+01, 0., -1.16471596e+01, -7.85159760e+01, 0., .Nan,
    -4.34625015e+01, 0., -6.74716115e-01, -4.77060242e+01, 0.,
    -1.70428123e+01, -4.82352676e+01, 0., -1.92738285e+01,
    -7.81626587e+01, 0., .Nan, -4.76020966e+01, 0., -1.73076363e+01,
    -4.88671837e+01, 0., -2.23472614e+01, -7.78974380e+01, 0., .Nan,
    -7.78090286e+01, 0., .Nan, -7.77206268e+01, 0., .Nan,
    -7.76322174e+01, 0., .Nan, -4.57163239e+01, 0., -1.13928795e+01,
    -3.91022110e+01, 0., 1.39327583e+01, -7.73669891e+01, 0., .Nan,
    -7.72785873e+01, 0., .Nan, -7.71901779e+01, 0., .Nan,
    -7.71017685e+01, 0., .Nan, -7.70133667e+01, 0., .Nan,
    -7.69249573e+01, 0., .Nan, -7.68365479e+01, 0., .Nan,
    -7.67480316e+01, 0., .Nan, -7.66595230e+01, 0., .Nan,
    -7.65710068e+01, 0., .Nan, -4.84091949e+01, 0., -2.44885025e+01,
    -7.63939819e+01, 0., .Nan, -7.63054657e+01, 0., .Nan,
    -7.62169495e+01, 0., .Nan, -7.61284409e+01, 0., .Nan,
    -7.60399323e+01, 0., .Nan, -7.59514160e+01, 0., .Nan,
    -7.58628998e+01, 0., .Nan, -7.57743835e+01, 0., .Nan,
    -7.56858749e+01, 0., .Nan, -7.55973587e+01, 0., .Nan,
    -4.12468300e+01, 0., 1.21851623e+00, -3.79955788e+01, 0.,
    1.39342384e+01, -7.53317184e+01, 0., .Nan, -7.52430954e+01, 0., .Nan,
    -7.51544800e+01, 0., .Nan, -7.50658646e+01, 0., .Nan,
    -7.49772415e+01, 0., .Nan, -4.25045090e+01, 0., -5.27238750e+00,
    -4.24138336e+01, 0., -5.12582684e+00, -3.60835991e+01, 0.,
    2.00721970e+01, -7.46227722e+01, 0., .Nan, -7.45341568e+01, 0., .Nan,
    -3.60195465e+01, 0., 1.97720776e+01, -4.24137878e+01, 0.,
    -6.21434593e+00, -7.42683029e+01, 0., .Nan, -3.85645218e+01, 0.,
    8.90935516e+00, -7.40910645e+01, 0., .Nan, -7.40024490e+01, 0., .Nan,
    -7.39137268e+01, 0., .Nan, -7.38250046e+01, 0., .Nan,
    -3.62975082e+01, 0., 1.71319008e+01, -7.36475601e+01, 0., .Nan,
