%YAML:1.0
---
scan_line: [ -9.50893860e+01, 0., .Nan, -9.50023041e+01, 0., .Nan,
    -9.49152145e+01, 0., .Nan, -9.48281250e+01, 0., .Nan,
    -9.47410355e+01, 0., .Nan, -9.46539459e+01, 0., .Nan,
    -9.45668640e+01, 0., .Nan, -9.44797668e+01, 0., .Nan,
    -9.43926849e+01, 0., .Nan, -9.43056030e+01, 0., .Nan,
    -9.42185059e+01, 0., .Nan, -9.41314163e+01, 0., .Nan,
    -5.72757759e+01, 0., -1.45188770e+01, -5.72884979e+01, 0.,
    -1.47391338e+01, -9.38701630e+01, 0., .Nan, -9.37830658e+01, 0.,
    .Nan, -9.36959839e+01, 0., .Nan, -5.88683777e+01, 0.,
    -2.04429264e+01, -9.35215836e+01, 0., .Nan, -9.34343872e+01, 0.,
    .Nan, -9.33471832e+01, 0., .Nan, -9.32599792e+01, 0., .Nan,
    -9.31727753e+01, 0., .Nan, -9.30855789e+01, 0., .Nan,
    -9.29983826e+01, 0., .Nan, -5.49427452e+01, 0., -9.46518612e+00,
    -9.28239746e+01, 0., .Nan, -5.84106064e+01, 0., -2.08677139e+01,
    -9.26495743e+01, 0., .Nan, -9.25623779e+01, 0., .Nan,
    -6.02156296e+01, 0., -2.71740723e+01, -5.04625816e+01, 0.,
    3.82057357e+00, -9.23007736e+01, 0., .Nan, -9.22134628e+01, 0., .Nan,
    -9.21261444e+01, 0., .Nan, -9.20388336e+01, 0., .Nan,
    -5.76876678e+01, 0., -2.02596741e+01, -9.18642120e+01, 0., .Nan,
    -4.87995224e+01, 0., 8.02219105e+00, -4.92351875e+01, 0.,
    6.45260048e+00, -9.16022644e+01, 0., .Nan, -9.15149536e+01, 0., .Nan,
    -9.14276428e+01, 0., .Nan, -9.13403320e+01, 0., .Nan,
    -9.12530212e+01, 0., .Nan, -9.11657028e+01, 0., .Nan,
    -9.10783920e+01, 0., .Nan, -5.67299728e+01, 0., -1.92603798e+01,
    -5.08036575e+01, 0., -1.50197804e-01, -4.86539536e+01, 0.,
    6.69330072e+00, -4.63153648e+01, 0., 1.41663857e+01, -9.06414871e+01,
    0., .Nan, -9.05540619e+01, 0., .Nan, -5.25738602e+01, 0.,
    -6.81585169e+00, -9.03792114e+01, 0., .Nan, -5.69428635e+01, 0.,
    -2.14916840e+01, -9.02043610e+01, 0., .Nan, -9.01169357e+01, 0.,
    .Nan, -5.83706818e+01, 0., -2.67434082e+01, -8.99420853e+01, 0.,
    .Nan, -4.79701576e+01, 0., 7.11153889e+00, -8.97672348e+01, 0., .Nan,
    -4.73347702e+01, 0., 8.87872601e+00, -8.95923843e+01, 0., .Nan,
    -8.95049591e+01, 0., .Nan, -8.94174194e+01, 0., .Nan,
    -8.93298874e+01, 0., .Nan, -8.92423477e+01, 0., .Nan,
    -8.91548157e+01, 0., .Nan, -8.90672760e+01, 0., .Nan,
    -4.53816948e+01, 0., 1.40594330e+01, -4.46594009e+01, 0.,
    1.63095360e+01, -8.88046646e+01, 0., .Nan, -8.87171326e+01, 0., .Nan,
    -5.56785812e+01, 0., -2.10391598e+01, -4.42444992e+01, 0.,
    1.70623779e+01, -8.84545135e+01, 0., .Nan, -8.83669815e+01, 0., .Nan,
    -8.82794418e+01, 0., .Nan, -8.81919098e+01, 0., .Nan,
    -8.81043701e+01, 0., .Nan, -8.80167236e+01, 0., .Nan,
    -8.79290771e+01, 0., .Nan, -4.38503113e+01, 0., 1.71146164e+01,
    -4.61010132e+01, 0., 9.33708858e+00, -5.59283218e+01, 0.,
    -2.40723724e+01, -8.75784836e+01, 0., .Nan, -8.74908371e+01, 0.,
    .Nan, -5.67246552e+01, 0., -2.73615971e+01, -5.58731956e+01, 0.,
    -2.46982918e+01, -8.72278976e+01, 0., .Nan, -8.71402435e+01, 0.,
    .Nan, -8.70525970e+01, 0., .Nan, -8.69649506e+01, 0., .Nan,
    -8.68773041e+01, 0., .Nan, -4.78772659e+01, 0., 1.38047767e+00,
    -4.74129829e+01, 0., 2.79300094e+00, -5.47016830e+01, 0.,
    -2.23523788e+01, -4.96414108e+01, 0., -5.21774817e+00,
    -8.64387360e+01, 0., .Nan, -8.63509750e+01, 0., .Nan,
    -4.75797234e+01, 0., 1.32613611e+00, -5.02363434e+01, 0.,
    -8.01801586e+00, -8.60877075e+01, 0., .Nan, -8.59999390e+01, 0.,
    .Nan, -8.59121857e+01, 0., .Nan, -8.58244247e+01, 0., .Nan,
    -8.57366638e+01, 0., .Nan, -8.56489105e+01, 0., .Nan,
    -8.55611420e+01, 0., .Nan, -8.54733963e+01, 0., .Nan,
    -8.53856354e+01, 0., .Nan, -5.51519012e+01, 0., -2.69984035e+01,
    -8.52100067e+01, 0., .Nan, -4.46120110e+01, 0., 9.32666969e+00,
    -8.50342712e+01, 0., .Nan, -8.49464035e+01, 0., .Nan,
    -4.95147018e+01, 0., -8.38729000e+00, -8.47706680e+01, 0., .Nan,
    -4.25096931e+01, 0., 1.58432140e+01, -8.45949326e+01, 0., .Nan,
    -8.45070648e+01, 0., .Nan, -8.44191971e+01, 0., .Nan,
    -8.43313293e+01, 0., .Nan, -8.42434616e+01, 0., .Nan,
    -8.41555939e+01, 0., .Nan, -4.90621986e+01, 0., -8.54501820e+00,
    -8.39798584e+01, 0., .Nan, -8.38919907e+01, 0., .Nan,
    -8.38040161e+01, 0., .Nan, -8.37160416e+01, 0., .Nan,
    -4.28404350e+01, 0., 1.26280775e+01, -4.86848526e+01, 0.,
    -8.38198280e+00, -4.15300941e+01, 0., 1.69597588e+01,
    -8.33641281e+01, 0., .Nan, -4.33136864e+01, 0., 1.02386608e+01,
    -8.31881714e+01, 0., .Nan, -8.31001968e+01, 0., .Nan,
    -4.09002380e+01, 0., 1.83732376e+01, -8.29242401e+01, 0., .Nan,
    -4.15495911e+01, 0., 1.56984863e+01, -8.27482910e+01, 0., .Nan,
    -8.26603012e+01, 0., .Nan, -8.25723267e+01, 0., .Nan,
    -4.70565414e+01, 0., -4.89381981e+00, -8.23962631e+01, 0., .Nan,
    -4.21640396e+01, 0., 1.24359331e+01, -8.22201004e+01, 0., .Nan,
    -8.21320114e+01, 0., .Nan, -4.95330734e+01, 0., -1.48621368e+01,
    -8.19558411e+01, 0., .Nan, -8.18677521e+01, 0., .Nan,
    -4.99093704e+01, 0., -1.68528404e+01, -3.98392677e+01, 0.,
    1.96846848e+01, -8.16035004e+01, 0., .Nan, -8.15154114e+01, 0., .Nan,
    -4.56305504e+01, 0., -2.04834986e+00, -8.13392334e+01, 0., .Nan,
    -8.12511597e+01, 0., .Nan, -8.11630707e+01, 0., .Nan,
    -5.03333054e+01, 0., -2.00982590e+01, -4.15541573e+01, 0.,
    1.19933786e+01, -8.08985977e+01, 0., .Nan, -8.08103943e+01, 0., .Nan,
    -8.07222061e+01, 0., .Nan, -5.18057480e+01, 0., -2.65786133e+01,
    -8.05458221e+01, 0., .Nan, -8.04576263e+01, 0., .Nan,
    -8.03694305e+01, 0., .Nan, -4.00825500e+01, 0., 1.60171280e+01,
    -8.01930389e+01, 0., .Nan, -8.01048508e+01, 0., .Nan,
    -8.00166550e+01, 0., .Nan, -7.99284592e+01, 0., .Nan,
    -7.98402710e+01, 0., .Nan, -7.97520752e+01, 0., .Nan,
    -3.91101303e+01, 0., 1.84183769e+01, -4.24187355e+01, 0.,
    5.81657314e+00, -7.94872742e+01, 0., .Nan, -7.93989716e+01, 0., .Nan,
    -7.93106766e+01, 0., .Nan, -7.92223740e+01, 0., .Nan,
    -7.91340790e+01, 0., .Nan, -7.90457764e+01, 0., .Nan,
    -3.99385757e+01, 0., 1.38638601e+01, -3.93973351e+01, 0.,
    1.57336264e+01, -4.79488068e+01, 0., -1.68679218e+01,
    -7.86925659e+01, 0., .Nan, -4.64607430e+01, 0., -1.16656933e+01,
    -7.85159760e+01, 0., .Nan, -4.34582176e+01, 0., -6.58392251e-01,
    -4.77060242e+01, 0., -1.70428123e+01, -7.82510681e+01, 0., .Nan,
    -7.81626587e+01, 0., .Nan, -3.93526688e+01, 0., 1.42637224e+01,
    -4.88671837e+01, 0., -2.23472614e+01, -7.78974380e+01, 0., .Nan,
    -7.78090286e+01, 0., .Nan, -7.77206268e+01, 0., .Nan,
    -7.76322174e+01, 0., .Nan, -4.57115211e+01, 0., -1.13744097e+01,
    -3.91162262e+01, 0., 1.38785753e+01, -7.73669891e+01, 0., .Nan,
    -7.72785873e+01, 0., .Nan, -7.71901779e+01, 0., .Nan,
    -7.71017685e+01, 0., .Nan, -4.17050056e+01, 0., 2.87867451e+00,
    -7.69249573e+01, 0., .Nan, -7.68365479e+01, 0., .Nan,
    -7.67480316e+01, 0., .Nan, -7.66595230e+01, 0., .Nan,
    -7.65710068e+01, 0., .Nan, -4.84091949e+01, 0., -2.44885025e+01,
    -4.03452148e+01, 0., 6.79456902e+00, -7.63054657e+01, 0., .Nan,
    -7.62169495e+01, 0., .Nan, -7.61284409e+01, 0., .Nan,
    -7.60399323e+01, 0., .Nan, -3.66288147e+01, 0., 2.04706135e+01,
    -7.58628998e+01, 0., .Nan, -7.57743835e+01, 0., .Nan,
    -7.56858749e+01, 0., .Nan, -7.55973587e+01, 0., .Nan,
    -4.12468300e+01, 0., 1.21851623e+00, -3.80006866e+01, 0.,
    1.39139252e+01, -7.53317184e+01, 0., .Nan, -7.52430954e+01, 0., .Nan,
    -7.51544800e+01, 0., .Nan, -7.50658646e+01, 0., .Nan,
    -7.49772415e+01, 0., .Nan, -4.25066605e+01, 0., -5.28100252e+00,
    -4.24181175e+01, 0., -5.14300013e+00, -7.47113953e+01, 0., .Nan,
    -7.46227722e+01, 0., .Nan, -7.45341568e+01, 0., .Nan,
    -3.60179977e+01, 0., 1.97783375e+01, -7.43569183e+01, 0., .Nan,
    -7.42683029e+01, 0., .Nan, -3.85645218e+01, 0., 8.90935516e+00,
    -7.40910645e+01, 0., .Nan, -7.40024490e+01, 0., .Nan,
    -7.39137268e+01, 0., .Nan, -7.38250046e+01, 0., .Nan,
    -3.97884712e+01, 0., 2.91705966e+00, -7.36475601e+01, 0., .Nan,
