%YAML:1.0
---
scan_line: [ -9.50893860e+01, 0., .Nan, -9.50023041e+01, 0., .Nan,
    -9.49152145e+01, 0., .Nan, -9.48281250e+01, 0., .Nan,
    -9.47410355e+01, 0., .Nan, -9.46539459e+01, 0., .Nan,
    -9.45668640e+01, 0., .Nan, -9.44797668e+01, 0., .Nan,
    -9.43926849e+01, 0., .Nan, -9.43056030e+01, 0., .Nan,
    -9.42185059e+01, 0., .Nan, -9.41314163e+01, 0., .Nan,
    -9.40443344e+01, 0., .Nan, -9.39572525e+01, 0., .Nan,
    -9.38701630e+01, 0., .Nan, -9.37830658e+01, 0., .Nan,
    -9.36959839e+01, 0., .Nan, -5.88683777e+01, 0., -2.04429264e+01,
    -9.35215836e+01, 0., .Nan, -9.34343872e+01, 0., .Nan,
    -9.33471832e+01, 0., .Nan, -9.32599792e+01, 0., .Nan,
    -9.31727753e+01, 0., .Nan, -9.30855789e+01, 0., .Nan,
    -9.29983826e+01, 0., .Nan, -5.49427452e+01, 0., -9.46518612e+00,
    -9.28239746e+01, 0., .Nan, -5.84138298e+01, 0., -2.08779602e+01,
    -9.26495743e+01, 0., .Nan, -9.25623779e+01, 0., .Nan,
    -6.02432404e+01, 0., -2.72616882e+01, -5.04625816e+01, 0.,
    3.82057357e+00, -5.92776718e+01, 0., -2.45788956e+01,
    -4.77331581e+01, 0., 1.22522326e+01, -5.46805496e+01, 0.,
    -1.02345285e+01, -9.20388336e+01, 0., .Nan, -5.76876678e+01, 0.,
    -2.02596741e+01, -9.18642120e+01, 0., .Nan, -4.87995224e+01, 0.,
    8.02219105e+00, -9.16895828e+01, 0., .Nan, -9.16022644e+01, 0., .Nan,
    -9.15149536e+01, 0., .Nan, -9.14276428e+01, 0., .Nan,
    -9.13403320e+01, 0., .Nan, -9.12530212e+01, 0., .Nan,
    -9.11657028e+01, 0., .Nan, -9.10783920e+01, 0., .Nan,
    -5.67299728e+01, 0., -1.92603798e+01, -9.09037628e+01, 0., .Nan,
    -4.86493912e+01, 0., 6.70820999e+00, -5.14795685e+01, 0.,
    -2.70342278e+00, -9.06414871e+01, 0., .Nan, -9.05540619e+01, 0.,
    .Nan, -4.74311409e+01, 0., 1.00361042e+01, -9.03792114e+01, 0., .Nan,
    -5.69428635e+01, 0., -2.14916840e+01, -9.02043610e+01, 0., .Nan,
    -9.01169357e+01, 0., .Nan, -5.83840599e+01, 0., -2.67870522e+01,
    -8.99420853e+01, 0., .Nan, -4.79701576e+01, 0., 7.11153889e+00,
    -8.97672348e+01, 0., .Nan, -8.96798096e+01, 0., .Nan,
    -8.95923843e+01, 0., .Nan, -8.95049591e+01, 0., .Nan,
    -8.94174194e+01, 0., .Nan, -8.93298874e+01, 0., .Nan,
    -8.92423477e+01, 0., .Nan, -8.91548157e+01, 0., .Nan,
    -8.90672760e+01, 0., .Nan, -4.53735580e+01, 0., 1.40865707e+01,
    -4.46594009e+01, 0., 1.63095360e+01, -8.88046646e+01, 0., .Nan,
    -8.87171326e+01, 0., .Nan, -5.56785812e+01, 0., -2.10391598e+01,
    -4.42367401e+01, 0., 1.70883884e+01, -8.84545135e+01, 0., .Nan,
    -8.83669815e+01, 0., .Nan, -4.32761688e+01, 0., 1.98420887e+01,
    -4.43196373e+01, 0., 1.61716099e+01, -8.81043701e+01, 0., .Nan,
    -8.80167236e+01, 0., .Nan, -8.79290771e+01, 0., .Nan,
    -4.38483849e+01, 0., 1.71211185e+01, -4.61010132e+01, 0.,
    9.33708858e+00, -5.59283218e+01, 0., -2.40723724e+01,
    -8.75784836e+01, 0., .Nan, -8.74908371e+01, 0., .Nan,
    -8.74031906e+01, 0., .Nan, -5.58731956e+01, 0., -2.46982918e+01,
    -5.47712097e+01, 0., -2.11751156e+01, -8.71402435e+01, 0., .Nan,
    -8.70525970e+01, 0., .Nan, -8.69649506e+01, 0., .Nan,
    -8.68773041e+01, 0., .Nan, -4.78702850e+01, 0., 1.40438509e+00,
    -4.74632225e+01, 0., 2.62077022e+00, -5.47139091e+01, 0.,
    -2.23940620e+01, -4.96414108e+01, 0., -5.21774817e+00,
    -8.64387360e+01, 0., .Nan, -8.63509750e+01, 0., .Nan,
    -4.75727844e+01, 0., 1.35004163e+00, -8.61754608e+01, 0., .Nan,
    -8.60877075e+01, 0., .Nan, -8.59999390e+01, 0., .Nan,
    -8.59121857e+01, 0., .Nan, -8.58244247e+01, 0., .Nan,
    -8.57366638e+01, 0., .Nan, -8.56489105e+01, 0., .Nan,
    -8.55611420e+01, 0., .Nan, -8.54733963e+01, 0., .Nan,
    -8.53856354e+01, 0., .Nan, -5.51519012e+01, 0., -2.69984035e+01,
    -8.52100067e+01, 0., .Nan, -4.46120110e+01, 0., 9.32666969e+00,
    -8.50342712e+01, 0., .Nan, -8.49464035e+01, 0., .Nan,
    -8.48585358e+01, 0., .Nan, -8.47706680e+01, 0., .Nan,
    -8.46828003e+01, 0., .Nan, -8.45949326e+01, 0., .Nan,
    -8.45070648e+01, 0., .Nan, -8.44191971e+01, 0., .Nan,
    -8.43313293e+01, 0., .Nan, -8.42434616e+01, 0., .Nan,
    -8.41555939e+01, 0., .Nan, -5.42709007e+01, 0., -2.69037189e+01,
    -8.39798584e+01, 0., .Nan, -8.38919907e+01, 0., .Nan,
    -4.08577843e+01, 0., 2.00231495e+01, -8.37160416e+01, 0., .Nan,
    -8.36280518e+01, 0., .Nan, -4.86848526e+01, 0., -8.38198280e+00,
    -4.15355644e+01, 0., 1.69402122e+01, -8.33641281e+01, 0., .Nan,
    -8.32761459e+01, 0., .Nan, -8.31881714e+01, 0., .Nan,
    -8.31001968e+01, 0., .Nan, -4.09020157e+01, 0., 1.83668480e+01,
    -8.29242401e+01, 0., .Nan, -8.28362656e+01, 0., .Nan,
    -8.27482910e+01, 0., .Nan, -8.26603012e+01, 0., .Nan,
    -4.19379768e+01, 0., 1.37794924e+01, -4.70565414e+01, 0.,
    -4.89381981e+00, -8.23962631e+01, 0., .Nan, -4.21678543e+01, 0.,
    1.24221029e+01, -4.82684097e+01, 0., -9.87236691e+00,
    -4.48229904e+01, 0., 2.42829752e+00, -4.03536453e+01, 0.,
    1.84883575e+01, -8.19558411e+01, 0., .Nan, -8.18677521e+01, 0., .Nan,
    -4.99120789e+01, 0., -1.68626614e+01, -3.98392677e+01, 0.,
    1.96846848e+01, -8.16035004e+01, 0., .Nan, -8.15154114e+01, 0., .Nan,
    -4.56282883e+01, 0., -2.04005432e+00, -8.13392334e+01, 0., .Nan,
    -8.12511597e+01, 0., .Nan, -8.11630707e+01, 0., .Nan,
    -4.63020020e+01, 0., -5.30165100e+00, -8.09867859e+01, 0., .Nan,
    -8.08985977e+01, 0., .Nan, -8.08103943e+01, 0., .Nan,
    -8.07222061e+01, 0., .Nan, -5.18176727e+01, 0., -2.66222343e+01,
    -8.05458221e+01, 0., .Nan, -5.13067589e+01, 0., -2.51941319e+01,
    -4.21897545e+01, 0., 8.36301231e+00, -4.00790100e+01, 0.,
    1.60303001e+01, -8.01930389e+01, 0., .Nan, -8.01048508e+01, 0., .Nan,
    -8.00166550e+01, 0., .Nan, -7.99284592e+01, 0., .Nan,
    -7.98402710e+01, 0., .Nan, -7.97520752e+01, 0., .Nan,
    -3.91101303e+01, 0., 1.84183769e+01, -3.87298584e+01, 0.,
    1.96720028e+01, -7.94872742e+01, 0., .Nan, -4.01975250e+01, 0.,
    1.37955837e+01, -7.93106766e+01, 0., .Nan, -7.92223740e+01, 0., .Nan,
    -7.91340790e+01, 0., .Nan, -4.91607361e+01, 0., -2.07718945e+01,
    -4.02746315e+01, 0., 1.25911999e+01, -3.93955917e+01, 0.,
    1.57402477e+01, -4.79488068e+01, 0., -1.68679218e+01,
    -7.86925659e+01, 0., .Nan, -4.64631882e+01, 0., -1.16749601e+01,
    -7.85159760e+01, 0., .Nan, -4.34582176e+01, 0., -6.58392251e-01,
    -4.77267723e+01, 0., -1.71216183e+01, -7.82510681e+01, 0., .Nan,
    -7.81626587e+01, 0., .Nan, -3.93473816e+01, 0., 1.42839842e+01,
    -4.88562279e+01, 0., -2.23056068e+01, -7.78974380e+01, 0., .Nan,
    -7.78090286e+01, 0., .Nan, -7.77206268e+01, 0., .Nan,
    -7.76322174e+01, 0., .Nan, -4.57163239e+01, 0., -1.13928795e+01,
    -7.74553986e+01, 0., .Nan, -7.73669891e+01, 0., .Nan,
    -4.41371346e+01, 0., -5.93724060e+00, -7.71901779e+01, 0., .Nan,
    -7.71017685e+01, 0., .Nan, -7.70133667e+01, 0., .Nan,
    -7.69249573e+01, 0., .Nan, -7.68365479e+01, 0., .Nan,
    -7.67480316e+01, 0., .Nan, -7.66595230e+01, 0., .Nan,
    -7.65710068e+01, 0., .Nan, -4.84091949e+01, 0., -2.44885025e+01,
    -4.03414154e+01, 0., 6.80944633e+00, -7.63054657e+01, 0., .Nan,
    -7.62169495e+01, 0., .Nan, -7.61284409e+01, 0., .Nan,
    -7.60399323e+01, 0., .Nan, -3.66288147e+01, 0., 2.04706135e+01,
    -7.58628998e+01, 0., .Nan, -7.57743835e+01, 0., .Nan,
    -7.56858749e+01, 0., .Nan, -7.55973587e+01, 0., .Nan,
    -7.55088501e+01, 0., .Nan, -3.79989853e+01, 0., 1.39206963e+01,
    -7.53317184e+01, 0., .Nan, -7.52430954e+01, 0., .Nan,
    -7.51544800e+01, 0., .Nan, -7.50658646e+01, 0., .Nan,
    -7.49772415e+01, 0., .Nan, -4.24980469e+01, 0., -5.24654436e+00,
    -4.24138336e+01, 0., -5.12582684e+00, -3.60835991e+01, 0.,
    2.00721970e+01, -7.46227722e+01, 0., .Nan, -7.45341568e+01, 0., .Nan,
    -3.60179977e+01, 0., 1.97783375e+01, -7.43569183e+01, 0., .Nan,
    -7.42683029e+01, 0., .Nan, -3.85645218e+01, 0., 8.90935516e+00,
    -7.40910645e+01, 0., .Nan, -7.40024490e+01, 0., .Nan,
    -7.39137268e+01, 0., .Nan, -7.38250046e+01, 0., .Nan,
    -3.62959137e+01, 0., 1.71383896e+01, -7.36475601e+01, 0., .Nan,
