%YAML:1.0
---
scan_line: [ -9.50893860e+01, 0., .Nan, -9.50023041e+01, 0., .Nan,
    -9.49152145e+01, 0., .Nan, -9.48281250e+01, 0., .Nan,
    -9.47410355e+01, 0., .Nan, -9.46539459e+01, 0., .Nan,
    -9.45668640e+01, 0., .Nan, -9.44797668e+01, 0., .Nan,
    -9.43926849e+01, 0., .Nan, -9.43056030e+01, 0., .Nan,
    -9.42185059e+01, 0., .Nan, -9.41314163e+01, 0., .Nan,
    -9.40443344e+01, 0., .Nan, -9.39572525e+01, 0., .Nan,
    -9.38701630e+01, 0., .Nan, -9.37830658e+01, 0., .Nan,
    -9.36959839e+01, 0., .Nan, -9.36087799e+01, 0., .Nan,
    -9.35215836e+01, 0., .Nan, -9.34343872e+01, 0., .Nan,
    -9.33471832e+01, 0., .Nan, -9.32599792e+01, 0., .Nan,
    -9.31727753e+01, 0., .Nan, -9.30855789e+01, 0., .Nan,
    -9.29983826e+01, 0., .Nan, -9.29111786e+01, 0., .Nan,
    -9.28239746e+01, 0., .Nan, -9.27367783e+01, 0., .Nan,
    -9.26495743e+01, 0., .Nan, -9.25623779e+01, 0., .Nan,
    -9.24751740e+01, 0., .Nan, -9.23879700e+01, 0., .Nan,
    -9.23007736e+01, 0., .Nan, -9.22134628e+01, 0., .Nan,
    -9.21261444e+01, 0., .Nan, -9.20388336e+01, 0., .Nan,
    -9.19515228e+01, 0., .Nan, -9.18642120e+01, 0., .Nan,
    -9.17769012e+01, 0., .Nan, -9.16895828e+01, 0., .Nan,
    -9.16022644e+01, 0., .Nan, -9.15149536e+01, 0., .Nan,
    -9.14276428e+01, 0., .Nan, -9.13403320e+01, 0., .Nan,
    -9.12530212e+01, 0., .Nan, -9.11657028e+01, 0., .Nan,
    -9.10783920e+01, 0., .Nan, -9.09910736e+01, 0., .Nan,
    -9.09037628e+01, 0., .Nan, -9.08163376e+01, 0., .Nan,
    -9.07289124e+01, 0., .Nan, -9.06414871e+01, 0., .Nan,
    -9.05540619e+01, 0., .Nan, -9.04666367e+01, 0., .Nan,
    -9.03792114e+01, 0., .Nan, -9.02917862e+01, 0., .Nan,
    -9.02043610e+01, 0., .Nan, -9.01169357e+01, 0., .Nan,
    -9.00295105e+01, 0., .Nan, -8.99420853e+01, 0., .Nan,
    -8.98546600e+01, 0., .Nan, -8.97672348e+01, 0., .Nan,
    -8.96798096e+01, 0., .Nan, -8.95923843e+01, 0., .Nan,
    -8.95049591e+01, 0., .Nan, -8.94174194e+01, 0., .Nan,
    -8.93298874e+01, 0., .Nan, -8.92423477e+01, 0., .Nan,
    -8.91548157e+01, 0., .Nan, -8.90672760e+01, 0., .Nan,
    -8.89797363e+01, 0., .Nan, -8.88921967e+01, 0., .Nan,
    -8.88046646e+01, 0., .Nan, -8.87171326e+01, 0., .Nan,
    -8.86295929e+01, 0., .Nan, -8.85420532e+01, 0., .Nan,
    -8.84545135e+01, 0., .Nan, -8.83669815e+01, 0., .Nan,
    -8.82794418e+01, 0., .Nan, -8.81919098e+01, 0., .Nan,
    -8.81043701e+01, 0., .Nan, -8.80167236e+01, 0., .Nan,
    -8.79290771e+01, 0., .Nan, -8.78414307e+01, 0., .Nan,
    -8.77537842e+01, 0., .Nan, -8.76661377e+01, 0., .Nan,
    -8.75784836e+01, 0., .Nan, -8.74908371e+01, 0., .Nan,
    -8.74031906e+01, 0., .Nan, -8.73155441e+01, 0., .Nan,
    -8.72278976e+01, 0., .Nan, -8.71402435e+01, 0., .Nan,
    -8.70525970e+01, 0., .Nan, -8.69649506e+01, 0., .Nan,
    -8.68773041e+01, 0., .Nan, -8.67896576e+01, 0., .Nan,
    -8.67020111e+01, 0., .Nan, -8.66142502e+01, 0., .Nan,
    -8.65264893e+01, 0., .Nan, -8.64387360e+01, 0., .Nan,
    -8.63509750e+01, 0., .Nan, -8.62632141e+01, 0., .Nan,
    -8.61754608e+01, 0., .Nan, -8.60877075e+01, 0., .Nan,
    -8.59999390e+01, 0., .Nan, -8.59121857e+01, 0., .Nan,
    -8.58244247e+01, 0., .Nan, -8.57366638e+01, 0., .Nan,
    -8.56489105e+01, 0., .Nan, -8.55611420e+01, 0., .Nan,
    -8.54733963e+01, 0., .Nan, -8.53856354e+01, 0., .Nan,
    -8.52978745e+01, 0., .Nan, -8.52100067e+01, 0., .Nan,
    -8.51221390e+01, 0., .Nan, -8.50342712e+01, 0., .Nan,
    -8.49464035e+01, 0., .Nan, -8.48585358e+01, 0., .Nan,
    -8.47706680e+01, 0., .Nan, -8.46828003e+01, 0., .Nan,
    -8.45949326e+01, 0., .Nan, -8.45070648e+01, 0., .Nan,
    -8.44191971e+01, 0., .Nan, -8.43313293e+01, 0., .Nan,
    -8.42434616e+01, 0., .Nan, -8.41555939e+01, 0., .Nan,
    -8.40677261e+01, 0., .Nan, -8.39798584e+01, 0., .Nan,
    -8.38919907e+01, 0., .Nan, -8.38040161e+01, 0., .Nan,
    -8.37160416e+01, 0., .Nan, -8.36280518e+01, 0., .Nan,
    -8.35400772e+01, 0., .Nan, -8.34521027e+01, 0., .Nan,
    -8.33641281e+01, 0., .Nan, -8.32761459e+01, 0., .Nan,
    -8.31881714e+01, 0., .Nan, -8.31001968e+01, 0., .Nan,
    -8.30122147e+01, 0., .Nan, -8.29242401e+01, 0., .Nan,
    -8.28362656e+01, 0., .Nan, -8.27482910e+01, 0., .Nan,
    -8.26603012e+01, 0., .Nan, -8.25723267e+01, 0., .Nan,
    -8.24843521e+01, 0., .Nan, -8.23962631e+01, 0., .Nan,
    -8.23081818e+01, 0., .Nan, -8.22201004e+01, 0., .Nan,
    -8.21320114e+01, 0., .Nan, -8.20439224e+01, 0., .Nan,
    -8.19558411e+01, 0., .Nan, -8.18677521e+01, 0., .Nan,
    -8.17796631e+01, 0., .Nan, -8.16915741e+01, 0., .Nan,
    -8.16035004e+01, 0., .Nan, -8.15154114e+01, 0., .Nan,
    -8.14273224e+01, 0., .Nan, -8.13392334e+01, 0., .Nan,
    -8.12511597e+01, 0., .Nan, -8.11630707e+01, 0., .Nan,
    -8.10749817e+01, 0., .Nan, -8.09867859e+01, 0., .Nan,
    -8.08985977e+01, 0., .Nan, -8.08103943e+01, 0., .Nan,
    -8.07222061e+01, 0., .Nan, -8.06340179e+01, 0., .Nan,
    -8.05458221e+01, 0., .Nan, -8.04576263e+01, 0., .Nan,
    -8.03694305e+01, 0., .Nan, -8.02812347e+01, 0., .Nan,
    -8.01930389e+01, 0., .Nan, -8.01048508e+01, 0., .Nan,
    -8.00166550e+01, 0., .Nan, -7.99284592e+01, 0., .Nan,
    -7.98402710e+01, 0., .Nan, -7.97520752e+01, 0., .Nan,
    -7.96638794e+01, 0., .Nan, -7.95755844e+01, 0., .Nan,
    -7.94872742e+01, 0., .Nan, -7.93989716e+01, 0., .Nan,
    -7.93106766e+01, 0., .Nan, -7.92223740e+01, 0., .Nan,
    -7.91340790e+01, 0., .Nan, -7.90457764e+01, 0., .Nan,
    -7.89574738e+01, 0., .Nan, -7.88691711e+01, 0., .Nan,
    -7.87808685e+01, 0., .Nan, -7.86925659e+01, 0., .Nan,
    -7.86042709e+01, 0., .Nan, -7.85159760e+01, 0., .Nan,
    -7.84276657e+01, 0., .Nan, -7.83393707e+01, 0., .Nan,
    -7.82510681e+01, 0., .Nan, -7.81626587e+01, 0., .Nan,
    -7.80742493e+01, 0., .Nan, -7.79858475e+01, 0., .Nan,
    -7.78974380e+01, 0., .Nan, -7.78090286e+01, 0., .Nan,
    -7.77206268e+01, 0., .Nan, -7.76322174e+01, 0., .Nan,
    -7.75438080e+01, 0., .Nan, -7.74553986e+01, 0., .Nan,
    -7.73669891e+01, 0., .Nan, -7.72785873e+01, 0., .Nan,
    -7.71901779e+01, 0., .Nan, -7.71017685e+01, 0., .Nan,
    -7.70133667e+01, 0., .Nan, -7.69249573e+01, 0., .Nan,
    -7.68365479e+01, 0., .Nan, -7.67480316e+01, 0., .Nan,
    -7.66595230e+01, 0., .Nan, -7.65710068e+01, 0., .Nan,
    -7.64824982e+01, 0., .Nan, -7.63939819e+01, 0., .Nan,
    -7.63054657e+01, 0., .Nan, -7.62169495e+01, 0., .Nan,
    -7.61284409e+01, 0., .Nan, -7.60399323e+01, 0., .Nan,
    -7.59514160e+01, 0., .Nan, -7.58628998e+01, 0., .Nan,
    -7.57743835e+01, 0., .Nan, -7.56858749e+01, 0., .Nan,
    -7.55973587e+01, 0., .Nan, -7.55088501e+01, 0., .Nan,
    -7.54203339e+01, 0., .Nan, -7.53317184e+01, 0., .Nan,
    -7.52430954e+01, 0., .Nan, -7.51544800e+01, 0., .Nan,
    -7.50658646e+01, 0., .Nan, -7.49772415e+01, 0., .Nan,
    -7.48886261e+01, 0., .Nan, -7.48000107e+01, 0., .Nan,
    -7.47113953e+01, 0., .Nan, -7.46227722e+01, 0., .Nan,
    -7.45341568e+01, 0., .Nan, -7.44455414e+01, 0., .Nan,
    -7.43569183e+01, 0., .Nan, -7.42683029e+01, 0., .Nan,
    -7.41796875e+01, 0., .Nan, -7.40910645e+01, 0., .Nan,
    -7.40024490e+01, 0., .Nan, -7.39137268e+01, 0., .Nan,
    -7.38250046e+01, 0., .Nan, -7.37362823e+01, 0., .Nan,
    -7.36475601e+01, 0., .Nan, -7.35588379e+01, 0., .Nan,
    -7.34701157e+01, 0., .Nan, -7.33813934e+01, 0., .Nan,
    -7.32926712e+01, 0., .Nan, -7.32039490e+01, 0., .Nan,
    -7.31152267e+01, 0., .Nan, -7.30265045e+01, 0., .Nan,
    -7.29377823e+01, 0., .Nan, -7.28490601e+01, 0., .Nan,
    -7.27603378e+01, 0., .Nan, -7.26716156e+01, 0., .Nan,
    -7.25828934e+01, 0., .Nan, -7.24940720e+01, 0., .Nan,
    -7.24052429e+01, 0., .Nan, -7.23164215e+01, 0., .Nan,
    -7.22275925e+01, 0., .Nan, -7.21387634e+01, 0., .Nan,
    -7.20499420e+01, 0., .Nan, -7.19611206e+01, 0., .Nan,
    -7.18722916e+01, 0., .Nan, -7.17834625e+01, 0., .Nan,
    -7.16946411e+01, 0., .Nan, -7.16058121e+01, 0., .Nan,
    -7.15169907e+01, 0., .Nan, -7.14281693e+01, 0., .Nan,
    -7.13393402e+01, 0., .Nan, -7.12505112e+01, 0., .Nan,
    -7.11616898e+01, 0., .Nan, -7.10727615e+01, 0., .Nan,
