%YAML:1.0
---
scan_line: [ 1.63199997e+01, 0., -1.16626301e+01, 1.63500004e+01, 0.,
    -1.15686703e+01, 1.63799992e+01, 0., -1.14747105e+01, 1.64099998e+01,
    0., -1.13807497e+01, 1.64400005e+01, 0., -1.12432899e+01,
    1.64699993e+01, 0., -1.11293697e+01, 1.65000000e+01, 0.,
    -1.10154495e+01, 1.65300007e+01, 0., -1.09015303e+01, 1.65599995e+01,
    0., -1.07644596e+01, 1.65900002e+01, 0., -1.06576996e+01,
    1.66200008e+01, 0., -1.05509396e+01, 1.66499996e+01, 0.,
    -1.04441795e+01, 1.66800003e+01, 0., -1.03198500e+01, 1.67099991e+01,
    0., -1.02222900e+01, 1.67399998e+01, 0., -1.01247301e+01,
    1.67700005e+01, 0., -1.00271702e+01, 1.67999992e+01, 0.,
    -9.90100956e+00, 1.68299999e+01, 0., -9.79936981e+00, 1.68600006e+01,
    0., -9.69773006e+00, 1.68899994e+01, 0., -9.57227039e+00,
    1.69200001e+01, 0., -9.47714996e+00, 1.69500008e+01, 0.,
    -9.38202953e+00, 1.69799995e+01, 0., -9.28691006e+00, 1.70100002e+01,
    0., -9.17125034e+00, 1.70400009e+01, 0., -9.07940960e+00,
    1.70699997e+01, 0., -8.98756981e+00, 1.71000004e+01, 0.,
    -8.87306976e+00, 1.71299992e+01, 0., -8.78166962e+00, 1.71599998e+01,
    0., -8.69027042e+00, 1.71900005e+01, 0., -8.57851982e+00,
    1.72199993e+01, 0., -8.49211979e+00, 1.72500000e+01, 0.,
    -8.40571976e+00, 1.72800007e+01, 0., -8.29850960e+00, 1.73099995e+01,
    0., -8.21527004e+00, 1.73400002e+01, 0., -8.13202953e+00,
    1.73700008e+01, 0., -8.02694988e+00, 1.73999996e+01, 0.,
    -7.94187021e+00, 1.74300003e+01, 0., -7.85679007e+00, 1.74599991e+01,
    0., -7.75289011e+00, 1.74899998e+01, 0., -7.67809010e+00,
    1.75200005e+01, 0., -7.60329008e+00, 1.75499992e+01, 0.,
    -7.50934982e+00, 1.75799999e+01, 0., -7.43386984e+00, 1.76100006e+01,
    0., -7.35838985e+00, 1.76399994e+01, 0., -7.25644016e+00,
    1.76700001e+01, 0., -7.17087984e+00, 1.77000008e+01, 0.,
    -7.08532000e+00, 1.77299995e+01, 0., -6.98966980e+00, 1.77600002e+01,
    0., -6.91922998e+00, 1.77900009e+01, 0., -6.84879017e+00,
    1.78199997e+01, 0., -6.75892019e+00, 1.78500004e+01, 0.,
    -6.68671989e+00, 1.78799992e+01, 0., -6.59696007e+00, 1.79099998e+01,
    0., -6.52687979e+00, 1.79400005e+01, 0., -6.45679998e+00,
    1.79699993e+01, 0., -6.36535978e+00, 18., 0., -6.28768015e+00,
    1.80300007e+01, 0., -6.21000004e+00, 1.80599995e+01, 0.,
    -6.12533998e+00, 1.80900002e+01, 0., -6.06010008e+00, 1.81200008e+01,
    0., -5.97902012e+00, 1.81499996e+01, 0., -5.91610003e+00,
    1.81800003e+01, 0., -5.85317993e+00, 1.82099991e+01, 0.,
    -5.77315998e+00, 1.82399998e+01, 0., -5.70892000e+00, 1.82700005e+01,
    0., -5.62715006e+00, 1.82999992e+01, 0., -5.55706978e+00,
    1.83299999e+01, 0., -5.48698997e+00, 1.83600006e+01, 0.,
    -5.39975023e+00, 1.83899994e+01, 0., -5.33019018e+00, 1.84200001e+01,
    0., -5.24559021e+00, 1.84500008e+01, 0., -5.18547010e+00,
    1.84799995e+01, 0., -5.12535000e+00, 1.85100002e+01, 0.,
    -5.04689980e+00, 1.85400009e+01, 0., -4.98354006e+00, 1.85699997e+01,
    0., -4.90380001e+00, 1.86000004e+01, 0., -4.83835983e+00,
    1.86299992e+01, 0., -4.77292013e+00, 1.86599998e+01, 0.,
    -4.69868994e+00, 1.86900005e+01, 0., -4.64341021e+00, 1.87199993e+01,
    0., -4.56808996e+00, 1.87500000e+01, 0., -4.50037003e+00,
    1.87800007e+01, 0., -4.43265009e+00, 1.88099995e+01, 0.,
    -4.36097002e+00, 1.88400002e+01, 0., -4.30629015e+00, 1.88700008e+01,
    0., -4.22780991e+00, 1.88999996e+01, 0., -4.15972996e+00,
    1.89300003e+01, 0., -4.08232021e+00, 1.89599991e+01, 0.,
    -4.02975988e+00, 1.89899998e+01, 0., -3.96164989e+00, 1.90200005e+01,
    0., -3.89972997e+00, 1.90499992e+01, 0., -3.83781004e+00,
    1.90799999e+01, 0., -3.76753998e+00, 1.91100006e+01, 0.,
    -3.71521997e+00, 1.91399994e+01, 0., -3.64555001e+00, 1.91700001e+01,
    0., -3.58483005e+00, 1.92000008e+01, 0., -3.52411008e+00,
    1.92299995e+01, 0., -3.45707989e+00, 1.92600002e+01, 0.,
    -3.40528011e+00, 1.92900009e+01, 0., -3.33940005e+00, 1.93199997e+01,
    0., -3.28615999e+00, 1.93500004e+01, 0., -3.21394992e+00,
    1.93799992e+01, 0., -3.15322995e+00, 1.94099998e+01, 0.,
    -3.08037996e+00, 1.94400005e+01, 0., -3.03225994e+00, 1.94699993e+01,
    0., -2.98413992e+00, 1.95000000e+01, 0., -2.92000008e+00,
    1.95300007e+01, 0., -2.86795998e+00, 1.95599995e+01, 0.,
    -2.79450011e+00, 1.95900002e+01, 0., -2.73410010e+00, 1.96200008e+01,
    0., -2.66257000e+00, 1.96499996e+01, 0., -2.61025000e+00,
    1.96800003e+01, 0., -2.54853010e+00, 1.97099991e+01, 0.,
    -2.50369000e+00, 1.97399998e+01, 0., -2.44232988e+00, 1.97700005e+01,
    0., -2.37641001e+00, 1.97999992e+01, 0., -2.31048989e+00,
    1.98299999e+01, 0., -2.24670005e+00, 1.98600006e+01, 0.,
    -2.19946003e+00, 1.98899994e+01, 0., -2.13965011e+00, 1.99200001e+01,
    0., -2.09140992e+00, 1.99500008e+01, 0., -2.03165007e+00,
    1.99799995e+01, 0., -1.98416996e+00, 2.00100002e+01, 0.,
    -1.92693996e+00, 2.00400009e+01, 0., -1.88238001e+00, 2.00699997e+01,
    0., -1.81593001e+00, 2.01000004e+01, 0., -1.75004995e+00,
    2.01299992e+01, 0., -1.67326999e+00, 2.01599998e+01, 0.,
    -1.62975001e+00, 2.01900005e+01, 0., -1.58623004e+00, 2.02199993e+01,
    0., -1.52875996e+00, 2.02500000e+01, 0., -1.48220003e+00,
    2.02800007e+01, 0., -1.42228997e+00, 2.03099995e+01, 0.,
    -1.37405002e+00, 2.03400002e+01, 0., -1.31307006e+00, 2.03700008e+01,
    0., -1.26415002e+00, 2.03999996e+01, 0., -1.19940996e+00,
    2.04300003e+01, 0., -1.14581001e+00, 2.04599991e+01, 0.,
    -1.08402002e+00, 2.04899998e+01, 0., -1.03742003e+00, 2.05200005e+01,
    0., -9.78950024e-01, 2.05499992e+01, 0., -9.32070017e-01,
    2.05799999e+01, 0., -8.73660028e-01, 2.06100006e+01, 0.,
    -8.27180028e-01, 2.06399994e+01, 0., -7.71120012e-01, 2.06700001e+01,
    0., -7.28720009e-01, 2.07000008e+01, 0., -6.74629986e-01,
    2.07299995e+01, 0., -6.27910018e-01, 2.07600002e+01, 0.,
    -5.69329977e-01, 2.07900009e+01, 0., -5.21969974e-01, 2.08199997e+01,
    0., -4.63340014e-01, 2.08500004e+01, 0., -4.18419987e-01,
    2.08799992e+01, 0., -3.61180007e-01, 2.09099998e+01, 0.,
    -3.12139988e-01, 2.09400005e+01, 0., -2.52819985e-01, 2.09699993e+01,
    0., -2.11700007e-01, 21., 0., -1.59229994e-01, 2.10300007e+01, 0.,
    -1.14030004e-01, 2.10599995e+01, 0., -5.86300008e-02, 2.10900002e+01,
    0., -1.79900005e-02, 2.11200008e+01, 0., 2.26499997e-02,
    2.11499996e+01, 0., 7.93600008e-02, 2.11800003e+01, 0.,
    1.35900006e-01, 2.12099991e+01, 0., 1.75819993e-01, 2.12399998e+01,
    0., 2.15739995e-01, 2.12700005e+01, 0., 2.71789998e-01,
    2.12999992e+01, 0., 3.17790002e-01, 2.13299999e+01, 0.,
    3.72689992e-01, 2.13600006e+01, 0., 4.26739991e-01, 2.13899994e+01,
    0., 4.69619989e-01, 2.14200001e+01, 0., 5.23289979e-01,
    2.14500008e+01, 0., 5.66450000e-01, 2.14799995e+01, 0.,
    6.20079994e-01, 2.15100002e+01, 0., 6.61840022e-01, 2.15400009e+01,
    0., 7.13540018e-01, 2.15699997e+01, 0., 7.53220022e-01,
    2.16000004e+01, 0., 8.03650022e-01, 2.16299992e+01, 0.,
    8.46650004e-01, 2.16599998e+01, 0., 9.01260018e-01, 2.16900005e+01,
    0., 9.47579980e-01, 2.17199993e+01, 0., 1.00339997e+00,
    2.17500000e+01, 0., 1.04123998e+00, 2.17800007e+01, 0.,
    1.09009004e+00, 2.18099995e+01, 0., 1.13397002e+00, 2.18400002e+01,
    0., 1.18824995e+00, 2.18700008e+01, 0., 1.22973001e+00,
    2.18999996e+01, 0., 1.27956998e+00, 2.19300003e+01, 0.,
    1.31289005e+00, 2.19599991e+01, 0., 1.35423005e+00, 2.19899998e+01,
    0., 1.38690996e+00, 2.20200005e+01, 0., 1.43245006e+00,
    2.20499992e+01, 0., 1.47449005e+00, 2.20799999e+01, 0.,
    1.52760005e+00, 2.21100006e+01, 0., 1.57068002e+00, 2.21399994e+01,
    0., 1.62146997e+00, 2.21700001e+01, 0., 1.66039002e+00,
    2.22000008e+01, 0., 1.71132004e+00, 2.22299995e+01, 0.,
    1.75320005e+00, 2.22600002e+01, 0., 1.80535996e+00, 2.22900009e+01,
    0., 1.84687996e+00, 2.23199997e+01, 0., 1.88968003e+00,
    2.23500004e+01, 0., 1.91903996e+00, 2.23799992e+01, 0.,
