%YAML:1.0
---
scan_line: [ 1.82700005e+01, 0., -1.63049793e+01, 1.82999992e+01, 0.,
    -1.61931000e+01, 1.83299999e+01, 0., -1.60812206e+01, 1.83600006e+01,
    0., -1.59693403e+01, 1.83899994e+01, 0., -1.58303604e+01,
    1.84200001e+01, 0., -1.57194004e+01, 1.84500008e+01, 0.,
    -1.56084404e+01, 1.84799995e+01, 0., -1.54693203e+01, 1.85100002e+01,
    0., -1.53571196e+01, 1.85400009e+01, 0., -1.52449198e+01,
    1.85699997e+01, 0., -1.51327200e+01, 1.86000004e+01, 0.,
    -1.50011301e+01, 1.86299992e+01, 0., -1.49062500e+01, 1.86599998e+01,
    0., -1.48113699e+01, 1.86900005e+01, 0., -1.47164898e+01,
    1.87199993e+01, 0., -1.45812502e+01, 1.87500000e+01, 0.,
    -1.44697704e+01, 1.87800007e+01, 0., -1.43582897e+01, 1.88099995e+01,
    0., -1.42340803e+01, 1.88400002e+01, 0., -1.41531601e+01,
    1.88700008e+01, 0., -1.40722399e+01, 1.88999996e+01, 0.,
    -1.39637098e+01, 1.89300003e+01, 0., -1.38682699e+01, 1.89599991e+01,
    0., -1.37728300e+01, 1.89899998e+01, 0., -1.36568003e+01,
    1.90200005e+01, 0., -1.35745602e+01, 1.90499992e+01, 0.,
    -1.34923201e+01, 1.90799999e+01, 0., -1.33853703e+01, 1.91100006e+01,
    0., -1.32950497e+01, 1.91399994e+01, 0., -1.32047300e+01,
    1.91700001e+01, 0., -1.30936699e+01, 1.92000008e+01, 0.,
    -1.30107498e+01, 1.92299995e+01, 0., -1.29278297e+01, 1.92600002e+01,
    0., -1.28196001e+01, 1.92900009e+01, 0., -1.27275600e+01,
    1.93199997e+01, 0., -1.26355200e+01, 1.93500004e+01, 0.,
    -1.25276203e+01, 1.93799992e+01, 0., -1.24499798e+01, 1.94099998e+01,
    0., -1.23723402e+01, 1.94400005e+01, 0., -1.22770395e+01,
    1.94699993e+01, 0., -1.22017603e+01, 1.95000000e+01, 0.,
    -1.21264801e+01, 1.95300007e+01, 0., -1.20311699e+01, 1.95599995e+01,
    0., -1.19546900e+01, 1.95900002e+01, 0., -1.18592701e+01,
    1.96200008e+01, 0., -1.17838297e+01, 1.96499996e+01, 0.,
    -1.17083902e+01, 1.96800003e+01, 0., -1.16132803e+01, 1.97099991e+01,
    0., -1.15367603e+01, 1.97399998e+01, 0., -1.14602404e+01,
    1.97700005e+01, 0., -1.13711596e+01, 1.97999992e+01, 0.,
    -1.13013201e+01, 1.98299999e+01, 0., -1.12116604e+01, 1.98600006e+01,
    0., -1.11324997e+01, 1.98899994e+01, 0., -1.10533400e+01,
    1.99200001e+01, 0., -1.09621801e+01, 1.99500008e+01, 0.,
    -1.08935003e+01, 1.99799995e+01, 0., -1.08248196e+01, 2.00100002e+01,
    0., -1.07486601e+01, 2.00400009e+01, 0., -1.06897402e+01,
    2.00699997e+01, 0., -1.06050196e+01, 2.01000004e+01, 0.,
    -1.05314198e+01, 2.01299992e+01, 0., -1.04407501e+01, 2.01599998e+01,
    0., -1.03728704e+01, 2.01900005e+01, 0., -1.03049898e+01,
    2.02199993e+01, 0., -1.02260103e+01, 2.02500000e+01, 0.,
    -1.01698904e+01, 2.02800007e+01, 0., -1.00964003e+01, 2.03099995e+01,
    0., -1.00272799e+01, 2.03400002e+01, 0., -9.95816040e+00,
    2.03700008e+01, 0., -9.88024998e+00, 2.03999996e+01, 0.,
    -9.82256985e+00, 2.04300003e+01, 0., -9.74433994e+00, 2.04599991e+01,
    0., -9.67442036e+00, 2.04899998e+01, 0., -9.60449982e+00,
    2.05200005e+01, 0., -9.51657963e+00, 2.05499992e+01, 0.,
    -9.44614029e+00, 2.05799999e+01, 0., -9.36627960e+00, 2.06100006e+01,
    0., -9.31223965e+00, 2.06399994e+01, 0., -9.24096966e+00,
    2.06700001e+01, 0., -9.17224979e+00, 2.07000008e+01, 0.,
    -9.10352993e+00, 2.07299995e+01, 0., -9.03151989e+00, 2.07600002e+01,
    0., -8.98132038e+00, 2.07900009e+01, 0., -8.91792011e+00,
    2.08199997e+01, 0., -8.86643982e+00, 2.08500004e+01, 0.,
    -8.79617023e+00, 2.08799992e+01, 0., -8.72117043e+00, 2.09099998e+01,
    0., -8.64616966e+00, 2.09400005e+01, 0., -8.57804966e+00,
    2.09699993e+01, 0., -8.52873039e+00, 21., 0., -8.46881962e+00,
    2.10300007e+01, 0., -8.42189980e+00, 2.10599995e+01, 0.,
    -8.35268021e+00, 2.10900002e+01, 0., -8.28476048e+00, 2.11200008e+01,
    0., -8.21683979e+00, 2.11499996e+01, 0., -8.14560032e+00,
    2.11800003e+01, 0., -8.09140015e+00, 2.12099991e+01, 0.,
    -8.03205013e+00, 2.12399998e+01, 0., -7.98633003e+00, 2.12700005e+01,
    0., -7.91695976e+00, 2.12999992e+01, 0., -7.85500002e+00,
    2.13299999e+01, 0., -7.77790022e+00, 2.13600006e+01, 0.,
    -7.71666002e+00, 2.13899994e+01, 0., -7.64372015e+00, 2.14200001e+01,
    0., -7.59692001e+00, 2.14500008e+01, 0., -7.55011988e+00,
    2.14799995e+01, 0., -7.48790979e+00, 2.15100002e+01, 0.,
    -7.43742990e+00, 2.15400009e+01, 0., -7.36487007e+00, 2.15699997e+01,
    0., -7.30495024e+00, 2.16000004e+01, 0., -7.23078012e+00,
    2.16299992e+01, 0., -7.17189980e+00, 2.16599998e+01, 0.,
    -7.10488987e+00, 2.16900005e+01, 0., -7.05932999e+00, 2.17199993e+01,
    0., -7.00144005e+00, 2.17500000e+01, 0., -6.95232010e+00,
    2.17800007e+01, 0., -6.89206982e+00, 2.18099995e+01, 0.,
    -6.84758997e+00, 2.18400002e+01, 0., -6.80311012e+00, 2.18700008e+01,
    0., -6.73306990e+00, 2.18999996e+01, 0., -6.67419004e+00,
    2.19300003e+01, 0., -6.59890985e+00, 2.19599991e+01, 0.,
    -6.53790998e+00, 2.19899998e+01, 0., -6.47615004e+00, 2.20200005e+01,
    0., -6.43447018e+00, 2.20499992e+01, 0., -6.37807989e+00,
    2.20799999e+01, 0., -6.32783985e+00, 2.21100006e+01, 0.,
    -6.26666021e+00, 2.21399994e+01, 0., -6.21973991e+00, 2.21700001e+01,
    0., -6.16150999e+00, 2.22000008e+01, 0., -6.11542988e+00,
    2.22299995e+01, 0., -6.05778980e+00, 2.22600002e+01, 0.,
    -6.01175022e+00, 2.22900009e+01, 0., -5.95368004e+00, 2.23199997e+01,
    0., -5.90587997e+00, 2.23500004e+01, 0., -5.84612989e+00,
    2.23799992e+01, 0., -5.79861021e+00, 2.24099998e+01, 0.,
    -5.75109005e+00, 2.24400005e+01, 0., -5.69362020e+00, 2.24699993e+01,
    0., -5.64809990e+00, 2.25000000e+01, 0., -5.58869982e+00,
    2.25300007e+01, 0., -5.54069996e+00, 2.25599995e+01, 0.,
    -5.47991991e+00, 2.25900002e+01, 0., -5.43120003e+00, 2.26200008e+01,
    0., -5.37571001e+00, 2.26499996e+01, 0., -5.33242989e+00,
    2.26800003e+01, 0., -5.27501011e+00, 2.27099991e+01, 0.,
    -5.22848988e+00, 2.27399998e+01, 0., -5.17433023e+00, 2.27700005e+01,
    0., -5.13184977e+00, 2.27999992e+01, 0., -5.07247019e+00,
    2.28299999e+01, 0., -5.02170992e+00, 2.28600006e+01, 0.,
    -4.96610022e+00, 2.28899994e+01, 0., -4.92581987e+00, 2.29200001e+01,
    0., -4.87354994e+00, 2.29500008e+01, 0., -4.83079004e+00,
    2.29799995e+01, 0., -4.77174997e+00, 2.30100002e+01, 0.,
    -4.72154999e+00, 2.30400009e+01, 0., -4.67084980e+00, 2.30699997e+01,
    0., -4.63680983e+00, 2.31000004e+01, 0., -4.58192015e+00,
    2.31299992e+01, 0., -4.53147984e+00, 2.31599998e+01, 0.,
    -4.47195005e+00, 2.31900005e+01, 0., -4.42622995e+00, 2.32199993e+01,
    0., -4.36936998e+00, 2.32500000e+01, 0., -4.32404995e+00,
    2.32800007e+01, 0., -4.26932001e+00, 2.33099995e+01, 0.,
    -4.22656012e+00, 2.33400002e+01, 0., -4.17597008e+00, 2.33700008e+01,
    0., -4.13712978e+00, 2.33999996e+01, 0., -4.08379984e+00,
    2.34300003e+01, 0., -4.03859997e+00, 2.34599991e+01, 0.,
    -3.98991990e+00, 2.34899998e+01, 0., -3.95519996e+00, 2.35200005e+01,
    0., -3.91270995e+00, 2.35499992e+01, 0., -3.87895012e+00,
    2.35799999e+01, 0., -3.82719994e+00, 2.36100006e+01, 0.,
    -3.78392005e+00, 2.36399994e+01, 0., -3.72979999e+00, 2.36700001e+01,
    0., -3.68655992e+00, 2.37000008e+01, 0., -3.63434005e+00,
    2.37299995e+01, 0., -3.59294009e+00, 2.37600002e+01, 0.,
    -3.53942990e+00, 2.37900009e+01, 0., -3.49631000e+00, 2.38199997e+01,
    0., -3.44375992e+00, 2.38500004e+01, 0., -3.39071989e+00,
    2.38799992e+01, 0., -3.34556007e+00, 2.39099998e+01, 0.,
    -3.29028010e+00, 2.39400005e+01, 0., -3.25008011e+00, 2.39699993e+01,
    0., -3.20299006e+00, 24., 0., -3.17550993e+00, 2.40300007e+01, 0.,
    -3.13844991e+00, 2.40599995e+01, 0., -3.10040998e+00, 2.40900002e+01,
    0., -3.04884005e+00, 2.41200008e+01, 0., -3.00275993e+00,
    2.41499996e+01, 0., -2.94918990e+00, 2.41800003e+01, 0.,
    -2.91123009e+00, 2.42099991e+01, 0., -2.86199999e+00, 2.42399998e+01,
    0., -2.82051992e+00, 2.42700005e+01, 0., -2.76869988e+00,
    2.42999992e+01, 0., -2.72729993e+00, 2.43299999e+01, 0.,
