%YAML:1.0
---
scan_line: [ 1.97099991e+01, 0., -2.02133694e+01, 1.97399998e+01, 0.,
    -2.00742092e+01, 1.97700005e+01, 0., -1.99350491e+01, 1.98299999e+01,
    0., -1.96414700e+01, 1.98600006e+01, 0., -1.95417500e+01,
    1.98899994e+01, 0., -1.94420300e+01, 1.99500008e+01, 0.,
    -1.91889706e+01, 1.99799995e+01, 0., -1.90663300e+01, 2.00100002e+01,
    0., -1.89436893e+01, 2.00699997e+01, 0., -1.86841106e+01,
    2.01000004e+01, 0., -1.85779896e+01, 2.01299992e+01, 0.,
    -1.84718704e+01, 2.01599998e+01, 0., -1.83461304e+01, 2.01900005e+01,
    0., -1.82492905e+01, 2.02199993e+01, 0., -1.81524506e+01,
    2.02500000e+01, 0., -1.80291100e+01, 2.02800007e+01, 0.,
    -1.79233494e+01, 2.03099995e+01, 0., -1.78175907e+01, 2.03400002e+01,
    0., -1.76872292e+01, 2.03700008e+01, 0., -1.75888309e+01,
    2.03999996e+01, 0., -1.74904308e+01, 2.04300003e+01, 0.,
    -1.73920307e+01, 2.04599991e+01, 0., -1.72844696e+01, 2.04899998e+01,
    0., -1.72015095e+01, 2.05200005e+01, 0., -1.71185493e+01,
    2.05499992e+01, 0., -1.69992905e+01, 2.05799999e+01, 0.,
    -1.69008503e+01, 2.06100006e+01, 0., -1.68024101e+01, 2.06399994e+01,
    0., -1.66982803e+01, 2.06700001e+01, 0., -1.66187592e+01,
    2.07000008e+01, 0., -1.65392399e+01, 2.07299995e+01, 0.,
    -1.64332600e+01, 2.07600002e+01, 0., -1.63471794e+01, 2.07900009e+01,
    0., -1.62384605e+01, 2.08199997e+01, 0., -1.61501808e+01,
    2.08500004e+01, 0., -1.60618992e+01, 2.08799992e+01, 0.,
    -1.59532499e+01, 2.09099998e+01, 0., -1.58722095e+01, 2.09400005e+01,
    0., -1.57911701e+01, 2.09699993e+01, 0., -1.56897497e+01, 21., 0.,
    -1.56085901e+01, 2.10300007e+01, 0., -1.55274296e+01, 2.10599995e+01,
    0., -1.54293098e+01, 2.10900002e+01, 0., -1.53515100e+01,
    2.11200008e+01, 0., -1.52534399e+01, 2.11499996e+01, 0.,
    -1.51727200e+01, 2.11800003e+01, 0., -1.50920000e+01, 2.12099991e+01,
    0., -1.49947701e+01, 2.12399998e+01, 0., -1.49189701e+01,
    2.12700005e+01, 0., -1.48431702e+01, 2.12999992e+01, 0.,
    -1.47643995e+01, 2.13299999e+01, 0., -1.47046404e+01, 2.13600006e+01,
    0., -1.46196404e+01, 2.13899994e+01, 0., -1.45462399e+01,
    2.14200001e+01, 0., -1.44728403e+01, 2.14500008e+01, 0.,
    -1.43784199e+01, 2.14799995e+01, 0., -1.43023796e+01, 2.15100002e+01,
    0., -1.42064199e+01, 2.15400009e+01, 0., -1.41286201e+01,
    2.15699997e+01, 0., -1.40508204e+01, 2.16000004e+01, 0.,
    -1.39758301e+01, 2.16299992e+01, 0., -1.39203901e+01, 2.16599998e+01,
    0., -1.38410597e+01, 2.16900005e+01, 0., -1.37722597e+01,
    2.17199993e+01, 0., -1.37034597e+01, 2.17500000e+01, 0.,
    -1.36312199e+01, 2.17800007e+01, 0., -1.35762596e+01, 2.18099995e+01,
    0., -1.34925299e+01, 2.18400002e+01, 0., -1.34176102e+01,
    2.18700008e+01, 0., -1.33291597e+01, 2.18999996e+01, 0.,
    -1.32753201e+01, 2.19300003e+01, 0., -1.32214804e+01, 2.19599991e+01,
    0., -1.31338100e+01, 2.19899998e+01, 0., -1.30596104e+01,
    2.20200005e+01, 0., -1.29772196e+01, 2.20499992e+01, 0.,
    -1.29238596e+01, 2.20799999e+01, 0., -1.28524504e+01, 2.21100006e+01,
    0., -1.27803698e+01, 2.21399994e+01, 0., -1.27082901e+01,
    2.21700001e+01, 0., -1.26293697e+01, 2.22000008e+01, 0.,
    -1.25722504e+01, 2.22299995e+01, 0., -1.24921904e+01, 2.22600002e+01,
    0., -1.24235897e+01, 2.22900009e+01, 0., -1.23549900e+01,
    2.23199997e+01, 0., -1.22860298e+01, 2.23500004e+01, 0.,
    -1.22342701e+01, 2.23799992e+01, 0., -1.21716404e+01, 2.24099998e+01,
    0., -1.21219997e+01, 2.24400005e+01, 0., -1.20440397e+01,
    2.24699993e+01, 0., -1.19731998e+01, 2.25000000e+01, 0.,
    -1.18885298e+01, 2.25300007e+01, 0., -1.18332100e+01, 2.25599995e+01,
    0., -1.17654600e+01, 2.25900002e+01, 0., -1.17160597e+01,
    2.26200008e+01, 0., -1.16666603e+01, 2.26499996e+01, 0.,
    -1.16066198e+01, 2.26800003e+01, 0., -1.15589800e+01, 2.27099991e+01,
    0., -1.14890699e+01, 2.27399998e+01, 0., -1.14276695e+01,
    2.27700005e+01, 0., -1.13500299e+01, 2.27999992e+01, 0.,
    -1.12869101e+01, 2.28299999e+01, 0., -1.12107697e+01, 2.28600006e+01,
    0., -1.11587296e+01, 2.28899994e+01, 0., -1.10955696e+01,
    2.29200001e+01, 0., -1.10512104e+01, 2.29500008e+01, 0.,
    -1.10068502e+01, 2.29799995e+01, 0., -1.09372797e+01, 2.30100002e+01,
    0., -1.08788795e+01, 2.30400009e+01, 0., -1.08077002e+01,
    2.30699997e+01, 0., -1.07511396e+01, 2.31000004e+01, 0.,
    -1.06878901e+01, 2.31299992e+01, 0., -1.06413698e+01, 2.31599998e+01,
    0., -1.05780897e+01, 2.31900005e+01, 0., -1.05214100e+01,
    2.32199993e+01, 0., -1.04505196e+01, 2.32500000e+01, 0.,
    -1.03937197e+01, 2.32800007e+01, 0., -1.03262796e+01, 2.33099995e+01,
    0., -1.02837601e+01, 2.33400002e+01, 0., -1.02412395e+01,
    2.33700008e+01, 0., -1.01784496e+01, 2.33999996e+01, 0.,
    -1.01263304e+01, 2.34300003e+01, 0., -1.00608501e+01, 2.34599991e+01,
    0., -1.00084105e+01, 2.34899998e+01, 0., -9.95184040e+00,
    2.35200005e+01, 0., -9.90839958e+00, 2.35499992e+01, 0.,
    -9.84144020e+00, 2.35799999e+01, 0., -9.78112030e+00, 2.36100006e+01,
    0., -9.71938992e+00, 2.36399994e+01, 0., -9.67730999e+00,
    2.36700001e+01, 0., -9.61653996e+00, 2.37000008e+01, 0.,
    -9.55813980e+00, 2.37299995e+01, 0., -9.48958015e+00, 2.37600002e+01,
    0., -9.44898033e+00, 2.37900009e+01, 0., -9.39424038e+00,
    2.38199997e+01, 0., -9.34572029e+00, 2.38500004e+01, 0.,
    -9.28732967e+00, 2.38799992e+01, 0., -9.24796963e+00, 2.39099998e+01,
    0., -9.19303036e+00, 2.39400005e+01, 0., -9.13099003e+00,
    2.39699993e+01, 0., -9.05996990e+00, 24., 0., -9.02404976e+00,
    2.40300007e+01, 0., -8.97815990e+00, 2.40599995e+01, 0.,
    -8.93844032e+00, 2.40900002e+01, 0., -8.88576984e+00, 2.41200008e+01,
    0., -8.83425045e+00, 2.41499996e+01, 0., -8.78273010e+00,
    2.41800003e+01, 0., -8.70888042e+00, 2.42099991e+01, 0.,
    -8.64791965e+00, 2.42399998e+01, 0., -8.60953999e+00, 2.42700005e+01,
    0., -8.58642006e+00, 2.42999992e+01, 0., -8.53878975e+00,
    2.43299999e+01, 0., -8.49699020e+00, 2.43600006e+01, 0.,
    -8.43731976e+00, 2.43899994e+01, 0., -8.38811970e+00, 2.44200001e+01,
    0., -8.32853985e+00, 2.44500008e+01, 0., -8.28125954e+00,
    2.44799995e+01, 0., -8.22591019e+00, 2.45100002e+01, 0.,
    -8.18239021e+00, 2.45400009e+01, 0., -8.12767029e+00, 2.45699997e+01,
    0., -8.08382988e+00, 2.46000004e+01, 0., -8.02686024e+00,
    2.46299992e+01, 0., -7.98086023e+00, 2.46599998e+01, 0.,
    -7.92772007e+00, 2.46900005e+01, 0., -7.88615990e+00, 2.47199993e+01,
    0., -7.83239985e+00, 2.47500000e+01, 0., -7.78904009e+00,
    2.47800007e+01, 0., -7.73110008e+00, 2.48099995e+01, 0.,
    -7.68406010e+00, 2.48400002e+01, 0., -7.64818001e+00, 2.48700008e+01,
    0., -7.61250019e+00, 2.48999996e+01, 0., -7.56629992e+00,
    2.49300003e+01, 0., -7.50946999e+00, 2.49599991e+01, 0.,
    -7.46703005e+00, 2.49899998e+01, 0., -7.41419983e+00, 2.50200005e+01,
    0., -7.37292004e+00, 2.50499992e+01, 0., -7.32109022e+00,
    2.50799999e+01, 0., -7.27912998e+00, 2.51100006e+01, 0.,
    -7.22556019e+00, 2.51399994e+01, 0., -7.17927980e+00, 2.51700001e+01,
    0., -7.12201977e+00, 2.52000008e+01, 0., -7.07838011e+00,
    2.52299995e+01, 0., -7.02786016e+00, 2.52600002e+01, 0.,
    -7.00061989e+00, 2.52900009e+01, 0., -6.96079016e+00, 2.53199997e+01,
    0., -6.92198992e+00, 2.53500004e+01, 0., -6.87323999e+00,
    2.53799992e+01, 0., -6.83408022e+00, 2.54099998e+01, 0.,
    -6.78002024e+00, 2.54400005e+01, 0., -6.73065996e+00, 2.54699993e+01,
    0., -6.67363024e+00, 2.55000000e+01, 0., -6.63050985e+00,
    2.55300007e+01, 0., -6.57717991e+00, 2.55599995e+01, 0.,
    -6.53482008e+00, 2.55900002e+01, 0., -6.49638987e+00, 2.56200008e+01,
    0., -6.47339010e+00, 2.56499996e+01, 0., -6.42641020e+00,
    2.56800003e+01, 0., -6.38521004e+00, 2.57099991e+01, 0.,
    -6.33840990e+00, 2.57399998e+01, 0., -6.30197001e+00, 2.57700005e+01,
    0., -6.24726009e+00, 2.57999992e+01, 0., -6.20173979e+00,
    2.58299999e+01, 0., -6.17027998e+00, 2.58600006e+01, 0.,
