%YAML:1.0
---
scan_line: [ 1.67099991e+01, 0., -1.56972704e+01, 1.67399998e+01, 0.,
    -1.55621901e+01, 1.68299999e+01, 0., -1.51399498e+01, 1.68600006e+01,
    0., -1.50273895e+01, 1.68899994e+01, 0., -1.49148302e+01,
    1.69200001e+01, 0., -1.48022699e+01, 1.69500008e+01, 0.,
    -1.46626797e+01, 1.69799995e+01, 0., -1.45524397e+01, 1.70100002e+01,
    0., -1.44421997e+01, 1.70400009e+01, 0., -1.43319597e+01,
    1.70699997e+01, 0., -1.41967201e+01, 1.71000004e+01, 0.,
    -1.40919199e+01, 1.71299992e+01, 0., -1.39871197e+01, 1.71599998e+01,
    0., -1.38823204e+01, 1.71900005e+01, 0., -1.37533703e+01,
    1.72199993e+01, 0., -1.36507301e+01, 1.72500000e+01, 0.,
    -1.35480900e+01, 1.72800007e+01, 0., -1.34225197e+01, 1.73099995e+01,
    0., -1.33309202e+01, 1.73400002e+01, 0., -1.32393198e+01,
    1.73700008e+01, 0., -1.31477203e+01, 1.73999996e+01, 0.,
    -1.30291500e+01, 1.74300003e+01, 0., -1.29321899e+01, 1.74599991e+01,
    0., -1.28352299e+01, 1.74899998e+01, 0., -1.27150803e+01,
    1.75200005e+01, 0., -1.26202803e+01, 1.75499992e+01, 0.,
    -1.25254803e+01, 1.75799999e+01, 0., -1.24078302e+01, 1.76100006e+01,
    0., -1.23168697e+01, 1.76399994e+01, 0., -1.22259102e+01,
    1.76700001e+01, 0., -1.21349497e+01, 1.77000008e+01, 0.,
    -1.20414000e+01, 1.77299995e+01, 0., -1.19707203e+01, 1.77600002e+01,
    0., -1.19000397e+01, 1.77900009e+01, 0., -1.18013496e+01,
    1.78199997e+01, 0., -1.17203503e+01, 1.78500004e+01, 0.,
    -1.16172600e+01, 1.78799992e+01, 0., -1.15291796e+01, 1.79099998e+01,
    0., -1.14411001e+01, 1.79400005e+01, 0., -1.13530197e+01,
    1.79699993e+01, 0., -1.12431602e+01, 18., 0., -1.11553202e+01,
    1.80300007e+01, 0., -1.10511799e+01, 1.80599995e+01, 0.,
    -1.09864197e+01, 1.80900002e+01, 0., -1.09216604e+01, 1.81200008e+01,
    0., -1.08309202e+01, 1.81499996e+01, 0., -1.07466803e+01,
    1.81800003e+01, 0., -1.06624403e+01, 1.82099991e+01, 0.,
    -1.05614700e+01, 1.82399998e+01, 0., -1.04830704e+01, 1.82700005e+01,
    0., -1.04046698e+01, 1.82999992e+01, 0., -1.03238001e+01,
    1.83299999e+01, 0., -1.02684002e+01, 1.83600006e+01, 0.,
    -1.01941204e+01, 1.83899994e+01, 0., -1.01188002e+01, 1.84200001e+01,
    0., -1.00434799e+01, 1.84500008e+01, 0., -9.95232964e+00,
    1.84799995e+01, 0., -9.88109016e+00, 1.85100002e+01, 0.,
    -9.80984974e+00, 1.85400009e+01, 0., -9.71716022e+00, 1.85699997e+01,
    0., -9.64227962e+00, 1.86000004e+01, 0., -9.55191994e+00,
    1.86299992e+01, 0., -9.48363972e+00, 1.86599998e+01, 0.,
    -9.41536045e+00, 1.86900005e+01, 0., -9.32627010e+00, 1.87199993e+01,
    0., -9.25310993e+00, 1.87500000e+01, 0., -9.16726971e+00,
    1.87800007e+01, 0., -9.11662960e+00, 1.88099995e+01, 0.,
    -9.06599045e+00, 1.88400002e+01, 0., -8.98495007e+00, 1.88700008e+01,
    0., -8.91071033e+00, 1.88999996e+01, 0., -8.82324028e+00,
    1.89300003e+01, 0., -8.77035999e+00, 1.89599991e+01, 0.,
    -8.71747971e+00, 1.89899998e+01, 0., -8.63257980e+00, 1.90200005e+01,
    0., -8.56097984e+00, 1.90499992e+01, 0., -8.47457027e+00,
    1.90799999e+01, 0., -8.40933037e+00, 1.91100006e+01, 0.,
    -8.34409046e+00, 1.91399994e+01, 0., -8.27348995e+00, 1.91700001e+01,
    0., -8.22288990e+00, 1.92000008e+01, 0., -8.14931965e+00,
    1.92299995e+01, 0., -8.07816029e+00, 1.92600002e+01, 0.,
    -8.00699997e+00, 1.92900009e+01, 0., -7.93977022e+00, 1.93199997e+01,
    0., -7.89036989e+00, 1.93500004e+01, 0., -7.82401991e+00,
    1.93799992e+01, 0., -7.76849985e+00, 1.94099998e+01, 0.,
    -7.69284010e+00, 1.94400005e+01, 0., -7.62907982e+00, 1.94699993e+01,
    0., -7.56532001e+00, 1.95000000e+01, 0., -7.49615002e+00,
    1.95300007e+01, 0., -7.44298983e+00, 1.95599995e+01, 0.,
    -7.38161993e+00, 1.95900002e+01, 0., -7.33353996e+00, 1.96200008e+01,
    0., -7.25862980e+00, 1.96499996e+01, 0., -7.19090986e+00,
    1.96800003e+01, 0., -7.11108017e+00, 1.97099991e+01, 0.,
    -7.06283998e+00, 1.97399998e+01, 0., -7.01459980e+00, 1.97700005e+01,
    0., -6.94439983e+00, 1.97999992e+01, 0., -6.88632011e+00,
    1.98299999e+01, 0., -6.81258011e+00, 1.98600006e+01, 0.,
    -6.75298023e+00, 1.98899994e+01, 0., -6.68549013e+00, 1.99200001e+01,
    0., -6.64008999e+00, 1.99500008e+01, 0., -6.57962990e+00,
    1.99799995e+01, 0., -6.51950979e+00, 2.00100002e+01, 0.,
    -6.45939016e+00, 2.00400009e+01, 0., -6.39843988e+00, 2.00699997e+01,
    0., -6.35251999e+00, 2.01000004e+01, 0., -6.29155016e+00,
    2.01299992e+01, 0., -6.24095011e+00, 2.01599998e+01, 0.,
    -6.17042017e+00, 2.01900005e+01, 0., -6.11021996e+00, 2.02199993e+01,
    0., -6.04325008e+00, 2.02500000e+01, 0., -5.99977016e+00,
    2.02800007e+01, 0., -5.94181013e+00, 2.03099995e+01, 0.,
    -5.88404989e+00, 2.03400002e+01, 0., -5.82629013e+00, 2.03700008e+01,
    0., -5.76211977e+00, 2.03999996e+01, 0., -5.71248007e+00,
    2.04300003e+01, 0., -5.65538979e+00, 2.04599991e+01, 0.,
    -5.61075020e+00, 2.04899998e+01, 0., -5.55255985e+00, 2.05200005e+01,
    0., -5.50483990e+00, 2.05499992e+01, 0., -5.43852997e+00,
    2.05799999e+01, 0., -5.38200998e+00, 2.06100006e+01, 0.,
    -5.31372976e+00, 2.06399994e+01, 0., -5.26212978e+00, 2.06700001e+01,
    0., -5.19811010e+00, 2.07000008e+01, 0., -5.14855003e+00,
    2.07299995e+01, 0., -5.09898996e+00, 2.07600002e+01, 0.,
    -5.04887009e+00, 2.07900009e+01, 0., -5.00050020e+00, 2.08199997e+01,
    0., -4.95781994e+00, 2.08500004e+01, 0., -4.91514015e+00,
    2.08799992e+01, 0., -4.85842991e+00, 2.09099998e+01, 0.,
    -4.81246996e+00, 2.09400005e+01, 0., -4.74674988e+00, 2.09699993e+01,
    0., -4.69255018e+00, 21., 0., -4.62970018e+00, 2.10300007e+01, 0.,
    -4.58209991e+00, 2.10599995e+01, 0., -4.52278996e+00, 2.10900002e+01,
    0., -4.47555017e+00, 2.11200008e+01, 0., -4.42463017e+00,
    2.11499996e+01, 0., -4.38826990e+00, 2.11800003e+01, 0.,
    -4.32614994e+00, 2.12099991e+01, 0., -4.26767015e+00, 2.12399998e+01,
    0., -4.20278978e+00, 2.12700005e+01, 0., -4.16074991e+00,
    2.12999992e+01, 0., -4.11138010e+00, 2.13299999e+01, 0.,
    -4.07581997e+00, 2.13600006e+01, 0., -4.02347994e+00, 2.13899994e+01,
    0., -3.97223997e+00, 2.14200001e+01, 0., -3.91222000e+00,
    2.14500008e+01, 0., -3.87741995e+00, 2.14799995e+01, 0.,
    -3.83143997e+00, 2.15100002e+01, 0., -3.78672004e+00, 2.15400009e+01,
    0., -3.72794008e+00, 2.15699997e+01, 0., -3.67170000e+00,
    2.16000004e+01, 0., -3.60628009e+00, 2.16299992e+01, 0.,
    -3.56983995e+00, 2.16599998e+01, 0., -3.52531004e+00, 2.16900005e+01,
    0., -3.49323010e+00, 2.17199993e+01, 0., -3.45035005e+00,
    2.17500000e+01, 0., -3.40735006e+00, 2.17800007e+01, 0.,
    -3.35421991e+00, 2.18099995e+01, 0., -3.31378007e+00, 2.18400002e+01,
    0., -3.26297998e+00, 2.18700008e+01, 0., -3.22185993e+00,
    2.18999996e+01, 0., -3.17023993e+00, 2.19300003e+01, 0.,
    -3.12843990e+00, 2.19599991e+01, 0., -3.07477999e+00, 2.19899998e+01,
    0., -3.02737999e+00, 2.20200005e+01, 0., -2.96949005e+00,
    2.20499992e+01, 0., -2.92773008e+00, 2.20799999e+01, 0.,
    -2.87597990e+00, 2.21100006e+01, 0., -2.83629990e+00, 2.21399994e+01,
    0., -2.78562999e+00, 2.21700001e+01, 0., -2.74175000e+00,
    2.22000008e+01, 0., -2.68917990e+00, 2.22299995e+01, 0.,
    -2.65450001e+00, 2.22600002e+01, 0., -2.60725999e+00, 2.22900009e+01,
    0., -2.56486011e+00, 2.23199997e+01, 0., -2.51724005e+00,
    2.23500004e+01, 0., -2.48571992e+00, 2.23799992e+01, 0.,
    -2.44211006e+00, 2.24099998e+01, 0., -2.40223002e+00, 2.24400005e+01,
    0., -2.35183001e+00, 2.24699993e+01, 0., -2.31095004e+00,
    2.25000000e+01, 0., -2.25836992e+00, 2.25300007e+01, 0.,
    -2.21468997e+00, 2.25599995e+01, 0., -2.16080999e+00, 2.25900002e+01,
    0., -2.11857009e+00, 2.26200008e+01, 0., -2.07118011e+00,
    2.26499996e+01, 0., -2.03981996e+00, 2.26800003e+01, 0.,
    -1.99250996e+00, 2.27099991e+01, 0., -1.95035005e+00, 2.27399998e+01,
    0., -1.90243995e+00, 2.27700005e+01, 0., -1.86676002e+00,
    2.27999992e+01, 0., -1.81737995e+00, 2.28299999e+01, 0.,
