%YAML:1.0
---
scan_line: [ 1.93500004e+01, 0., -1.49943104e+01, 1.93799992e+01, 0.,
    -1.48739901e+01, 1.94099998e+01, 0., -1.47536697e+01, 1.94400005e+01,
    0., -1.46333504e+01, 1.94699993e+01, 0., -1.44831600e+01,
    1.95000000e+01, 0., -1.43643198e+01, 1.95300007e+01, 0.,
    -1.42454796e+01, 1.95599995e+01, 0., -1.41266403e+01, 1.95900002e+01,
    0., -1.39797297e+01, 1.96200008e+01, 0., -1.38680496e+01,
    1.96499996e+01, 0., -1.37563696e+01, 1.96800003e+01, 0.,
    -1.36446896e+01, 1.97099991e+01, 0., -1.35062904e+01, 1.97399998e+01,
    0., -1.33971300e+01, 1.97700005e+01, 0., -1.32879696e+01,
    1.97999992e+01, 0., -1.31788101e+01, 1.98299999e+01, 0.,
    -1.30593300e+01, 1.98600006e+01, 0., -1.29729300e+01, 1.98899994e+01,
    0., -1.28865299e+01, 1.99200001e+01, 0., -1.27506704e+01,
    1.99500008e+01, 0., -1.26364698e+01, 1.99799995e+01, 0.,
    -1.25222702e+01, 2.00100002e+01, 0., -1.23901396e+01, 2.00400009e+01,
    0., -1.22974596e+01, 2.00699997e+01, 0., -1.22047796e+01,
    2.01000004e+01, 0., -1.20890999e+01, 2.01299992e+01, 0.,
    -1.19975796e+01, 2.01599998e+01, 0., -1.19060602e+01, 2.01900005e+01,
    0., -1.18145399e+01, 2.02199993e+01, 0., -1.17063303e+01,
    2.02500000e+01, 0., -1.16211300e+01, 2.02800007e+01, 0.,
    -1.15128803e+01, 2.03099995e+01, 0., -1.14211197e+01, 2.03400002e+01,
    0., -1.13293600e+01, 2.03700008e+01, 0., -1.12174797e+01,
    2.03999996e+01, 0., -1.11374798e+01, 2.04300003e+01, 0.,
    -1.10574799e+01, 2.04599991e+01, 0., -1.09512997e+01, 2.04899998e+01,
    0., -1.08589401e+01, 2.05200005e+01, 0., -1.07665796e+01,
    2.05499992e+01, 0., -1.06658096e+01, 2.05799999e+01, 0.,
    -1.06029301e+01, 2.06100006e+01, 0., -1.05181503e+01, 2.06399994e+01,
    0., -1.04309101e+01, 2.06700001e+01, 0., -1.03436699e+01,
    2.07000008e+01, 0., -1.02406397e+01, 2.07299995e+01, 0.,
    -1.01777601e+01, 2.07600002e+01, 0., -1.01148796e+01, 2.07900009e+01,
    0., -1.00104704e+01, 2.08199997e+01, 0., -9.92179012e+00,
    2.08500004e+01, 0., -9.83310986e+00, 2.08799992e+01, 0.,
    -9.73429966e+00, 2.09099998e+01, 0., -9.65765953e+00, 2.09400005e+01,
    0., -9.56766033e+00, 2.09699993e+01, 0., -9.50277996e+00, 21., 0.,
    -9.43789959e+00, 2.10300007e+01, 0., -9.35750961e+00, 2.10599995e+01,
    0., -9.29335022e+00, 2.10900002e+01, 0., -9.20697975e+00,
    2.11200008e+01, 0., -9.13062000e+00, 2.11499996e+01, 0.,
    -9.05426025e+00, 2.11800003e+01, 0., -8.96473026e+00, 2.12099991e+01,
    0., -8.89428997e+00, 2.12399998e+01, 0., -8.81247997e+00,
    2.12700005e+01, 0., -8.75463963e+00, 2.12999992e+01, 0.,
    -8.67815971e+00, 2.13299999e+01, 0., -8.60363960e+00, 2.13600006e+01,
    0., -8.52912045e+00, 2.13899994e+01, 0., -8.43924999e+00,
    2.14200001e+01, 0., -8.36917019e+00, 2.14500008e+01, 0.,
    -8.28254032e+00, 2.14799995e+01, 0., -8.21669960e+00, 2.15100002e+01,
    0., -8.15085983e+00, 2.15400009e+01, 0., -8.07544994e+00,
    2.15699997e+01, 0., -8.01653004e+00, 2.16000004e+01, 0.,
    -7.93597984e+00, 2.16299992e+01, 0., -7.86325979e+00, 2.16599998e+01,
    0., -7.79054022e+00, 2.16900005e+01, 0., -7.71655989e+00,
    2.17199993e+01, 0., -7.66075993e+00, 2.17500000e+01, 0.,
    -7.59694004e+00, 2.17800007e+01, 0., -7.54710007e+00, 2.18099995e+01,
    0., -7.47035980e+00, 2.18400002e+01, 0., -7.40127993e+00,
    2.18700008e+01, 0., -7.31867981e+00, 2.18999996e+01, 0.,
    -7.26495981e+00, 2.19300003e+01, 0., -7.19347000e+00, 2.19599991e+01,
    0., -7.12255001e+00, 2.19899998e+01, 0., -7.05163002e+00,
    2.20200005e+01, 0., -6.98120022e+00, 2.20499992e+01, 0.,
    -6.93467999e+00, 2.20799999e+01, 0., -6.86219978e+00, 2.21100006e+01,
    0., -6.78707981e+00, 2.21399994e+01, 0., -6.69996023e+00,
    2.21700001e+01, 0., -6.65195990e+00, 2.22000008e+01, 0.,
    -6.60396004e+00, 2.22299995e+01, 0., -6.54085016e+00, 2.22600002e+01,
    0., -6.48976994e+00, 2.22900009e+01, 0., -6.41665983e+00,
    2.23199997e+01, 0., -6.35633993e+00, 2.23500004e+01, 0.,
    -6.28074980e+00, 2.23799992e+01, 0., -6.22023010e+00, 2.24099998e+01,
    0., -6.15241003e+00, 2.24400005e+01, 0., -6.10764980e+00,
    2.24699993e+01, 0., -6.04821014e+00, 2.25000000e+01, 0.,
    -5.98949003e+00, 2.25300007e+01, 0., -5.93076992e+00, 2.25599995e+01,
    0., -5.86643982e+00, 2.25900002e+01, 0., -5.81684017e+00,
    2.26200008e+01, 0., -5.75345993e+00, 2.26499996e+01, 0.,
    -5.70249987e+00, 2.26800003e+01, 0., -5.62316990e+00, 2.27099991e+01,
    0., -5.55665016e+00, 2.27399998e+01, 0., -5.48255014e+00,
    2.27700005e+01, 0., -5.43418980e+00, 2.27999992e+01, 0.,
    -5.37839985e+00, 2.28299999e+01, 0., -5.33943987e+00, 2.28600006e+01,
    0., -5.28391981e+00, 2.28899994e+01, 0., -5.23140001e+00,
    2.29200001e+01, 0., -5.16313982e+00, 2.29500008e+01, 0.,
    -5.10042000e+00, 2.29799995e+01, 0., -5.02627993e+00, 2.30100002e+01,
    0., -4.98067999e+00, 2.30400009e+01, 0., -4.93508005e+00,
    2.30699997e+01, 0., -4.87554979e+00, 2.31000004e+01, 0.,
    -4.82746983e+00, 2.31299992e+01, 0., -4.76593018e+00, 2.31599998e+01,
    0., -4.71648979e+00, 2.31900005e+01, 0., -4.65357018e+00,
    2.32199993e+01, 0., -4.60308981e+00, 2.32500000e+01, 0.,
    -4.53835011e+00, 2.32800007e+01, 0., -4.48622990e+00, 2.33099995e+01,
    0., -4.42506981e+00, 2.33400002e+01, 0., -4.37831020e+00,
    2.33700008e+01, 0., -4.31302977e+00, 2.33999996e+01, 0.,
    -4.25726986e+00, 2.34300003e+01, 0., -4.19437981e+00, 2.34599991e+01,
    0., -4.14769983e+00, 2.34899998e+01, 0., -4.09678984e+00,
    2.35200005e+01, 0., -4.06011009e+00, 2.35499992e+01, 0.,
    -4.00309992e+00, 2.35799999e+01, 0., -3.95158005e+00, 2.36100006e+01,
    0., -3.89371991e+00, 2.36399994e+01, 0., -3.85536003e+00,
    2.36700001e+01, 0., -3.79740000e+00, 2.37000008e+01, 0.,
    -3.74571991e+00, 2.37299995e+01, 0., -3.68476009e+00, 2.37600002e+01,
    0., -3.64052010e+00, 2.37900009e+01, 0., -3.58285999e+00,
    2.38199997e+01, 0., -3.53406000e+00, 2.38500004e+01, 0.,
    -3.47638988e+00, 2.38799992e+01, 0., -3.43435001e+00, 2.39099998e+01,
    0., -3.37930989e+00, 2.39400005e+01, 0., -3.33235002e+00,
    2.39699993e+01, 0., -3.27456999e+00, 24., 0., -3.22944999e+00,
    2.40300007e+01, 0., -3.17830992e+00, 2.40599995e+01, 0.,
    -3.14383006e+00, 2.40900002e+01, 0., -3.09356999e+00, 2.41200008e+01,
    0., -3.04957008e+00, 2.41499996e+01, 0., -2.99931002e+00,
    2.41800003e+01, 0., -2.96170998e+00, 2.42099991e+01, 0.,
    -2.91252995e+00, 2.42399998e+01, 0., -2.87212992e+00, 2.42700005e+01,
    0., -2.81292009e+00, 2.42999992e+01, 0., -2.76096010e+00,
    2.43299999e+01, 0., -2.70075011e+00, 2.43600006e+01, 0.,
    -2.65514994e+00, 2.43899994e+01, 0., -2.60361004e+00, 2.44200001e+01,
    0., -2.56533003e+00, 2.44500008e+01, 0., -2.51300001e+00,
    2.44799995e+01, 0., -2.47024012e+00, 2.45100002e+01, 0.,
    -2.41719007e+00, 2.45400009e+01, 0., -2.37483001e+00, 2.45699997e+01,
    0., -2.32189989e+00, 2.46000004e+01, 0., -2.27958012e+00,
    2.46299992e+01, 0., -2.22566009e+00, 2.46599998e+01, 0.,
    -2.18233991e+00, 2.46900005e+01, 0., -2.12240005e+00, 2.47199993e+01,
    0., -2.06326008e+00, 2.47500000e+01, 0., -2.02313995e+00,
    2.47800007e+01, 0., -1.97536004e+00, 2.48099995e+01, 0.,
    -1.94480002e+00, 2.48400002e+01, 0., -1.90480006e+00, 2.48700008e+01,
    0., -1.87064004e+00, 2.48999996e+01, 0., -1.82306004e+00,
    2.49300003e+01, 0., -1.77918005e+00, 2.49599991e+01, 0.,
    -1.72565997e+00, 2.49899998e+01, 0., -1.68358004e+00, 2.50200005e+01,
    0., -1.63380003e+00, 2.50499992e+01, 0., -1.59555995e+00,
    2.50799999e+01, 0., -1.54308999e+00, 2.51100006e+01, 0.,
    -1.49864995e+00, 2.51399994e+01, 0., -1.44537997e+00, 2.51700001e+01,
    0., -1.40401995e+00, 2.52000008e+01, 0., -1.36364996e+00,
    2.52299995e+01, 0., -1.32495999e+00, 2.52600002e+01, 0.,
    -1.29032004e+00, 2.52900009e+01, 0., -1.24533999e+00, 2.53199997e+01,
    0., -1.20418000e+00, 2.53500004e+01, 0., -1.15184999e+00,
    2.53799992e+01, 0., -1.10748994e+00, 2.54099998e+01, 0.,
