%YAML:1.0
---
scan_line: [ 1.69500008e+01, 0., -1.36716099e+01, 1.69799995e+01, 0.,
    -1.35654097e+01, 1.70100002e+01, 0., -1.34592104e+01, 1.70400009e+01,
    0., -1.33530102e+01, 1.71000004e+01, 0., -1.30866899e+01,
    1.71299992e+01, 0., -1.29649296e+01, 1.71599998e+01, 0.,
    -1.28431702e+01, 1.72199993e+01, 0., -1.25809202e+01, 1.72500000e+01,
    0., -1.24709597e+01, 1.72800007e+01, 0., -1.23610001e+01,
    1.73099995e+01, 0., -1.22510405e+01, 1.73400002e+01, 0.,
    -1.21176901e+01, 1.73700008e+01, 0., -1.20132904e+01, 1.73999996e+01,
    0., -1.19088898e+01, 1.74300003e+01, 0., -1.18044901e+01,
    1.74599991e+01, 0., -1.16752396e+01, 1.74899998e+01, 0.,
    -1.15722399e+01, 1.75200005e+01, 0., -1.14692402e+01, 1.75499992e+01,
    0., -1.13419600e+01, 1.75799999e+01, 0., -1.12419596e+01,
    1.76100006e+01, 0., -1.11419601e+01, 1.76399994e+01, 0.,
    -1.10419598e+01, 1.76700001e+01, 0., -1.09199600e+01, 1.77000008e+01,
    0., -1.08230801e+01, 1.77299995e+01, 0., -1.07262001e+01,
    1.77600002e+01, 0., -1.06125803e+01, 1.77900009e+01, 0.,
    -1.05256996e+01, 1.78199997e+01, 0., -1.04388199e+01, 1.78500004e+01,
    0., -1.03273697e+01, 1.78799992e+01, 0., -1.02296104e+01,
    1.79099998e+01, 0., -1.01318502e+01, 1.79400005e+01, 0.,
    -1.00164700e+01, 1.79699993e+01, 0., -9.94602966e+00, 18., 0.,
    -9.87559032e+00, 1.80300007e+01, 0., -9.78145981e+00, 1.80599995e+01,
    0., -9.68710041e+00, 1.80900002e+01, 0., -9.59274006e+00,
    1.81200008e+01, 0., -9.47929001e+00, 1.81499996e+01, 0.,
    -9.40316963e+00, 1.81800003e+01, 0., -9.32705021e+00, 1.82099991e+01,
    0., -9.23266029e+00, 1.82399998e+01, 0., -9.15814018e+00,
    1.82700005e+01, 0., -9.08362007e+00, 1.82999992e+01, 0.,
    -8.98686981e+00, 1.83299999e+01, 0., -8.90538979e+00, 1.83600006e+01,
    0., -8.82390976e+00, 1.83899994e+01, 0., -8.72049999e+00,
    1.84200001e+01, 0., -8.63706017e+00, 1.84500008e+01, 0.,
    -8.55362034e+00, 1.84799995e+01, 0., -8.46125984e+00, 1.85100002e+01,
    0., -8.38986015e+00, 1.85400009e+01, 0., -8.29953003e+00,
    1.85699997e+01, 0., -8.22416973e+00, 1.86000004e+01, 0.,
    -8.14881039e+00, 1.86299992e+01, 0., -8.05486012e+00, 1.86599998e+01,
    0., -7.98017979e+00, 1.86900005e+01, 0., -7.90549994e+00,
    1.87199993e+01, 0., -7.81932020e+00, 1.87500000e+01, 0.,
    -7.75184011e+00, 1.87800007e+01, 0., -7.66710997e+00, 1.88099995e+01,
    0., -7.59898996e+00, 1.88400002e+01, 0., -7.53086996e+00,
    1.88700008e+01, 0., -7.44808006e+00, 1.88999996e+01, 0.,
    -7.38324022e+00, 1.89300003e+01, 0., -7.30070019e+00, 1.89599991e+01,
    0., -7.23025990e+00, 1.89899998e+01, 0., -7.15982008e+00,
    1.90200005e+01, 0., -7.06985998e+00, 1.90499992e+01, 0.,
    -6.99690008e+00, 1.90799999e+01, 0., -6.90748978e+00, 1.91100006e+01,
    0., -6.84184980e+00, 1.91399994e+01, 0., -6.77620983e+00,
    1.91700001e+01, 0., -6.69801998e+00, 1.92000008e+01, 0.,
    -6.64014006e+00, 1.92299995e+01, 0., -6.56590986e+00, 1.92600002e+01,
    0., -6.50083017e+00, 1.92900009e+01, 0., -6.43575001e+00,
    1.93199997e+01, 0., -6.36040020e+00, 1.93500004e+01, 0.,
    -6.30335999e+00, 1.93799992e+01, 0., -6.22675991e+00, 1.94099998e+01,
    0., -6.15923977e+00, 1.94400005e+01, 0., -6.09172010e+00,
    1.94699993e+01, 0., -6.02217007e+00, 1.95000000e+01, 0.,
    -5.96957016e+00, 1.95300007e+01, 0., -5.89315987e+00, 1.95599995e+01,
    0., -5.82643986e+00, 1.95900002e+01, 0., -5.74654007e+00,
    1.96200008e+01, 0., -5.69405985e+00, 1.96499996e+01, 0.,
    -5.64158010e+00, 1.96800003e+01, 0., -5.55881023e+00, 1.97099991e+01,
    0., -5.48917007e+00, 1.97399998e+01, 0., -5.41597986e+00,
    1.97700005e+01, 0., -5.36494017e+00, 1.97999992e+01, 0.,
    -5.29454994e+00, 1.98299999e+01, 0., -5.23047018e+00, 1.98600006e+01,
    0., -5.16638994e+00, 1.98899994e+01, 0., -5.10166979e+00,
    1.99200001e+01, 0., -5.05303001e+00, 1.99500008e+01, 0.,
    -4.98683023e+00, 1.99799995e+01, 0., -4.93106985e+00, 2.00100002e+01,
    0., -4.85481024e+00, 2.00400009e+01, 0., -4.79041004e+00,
    2.00699997e+01, 0., -4.71391010e+00, 2.01000004e+01, 0.,
    -4.66583014e+00, 2.01299992e+01, 0., -4.61775017e+00, 2.01599998e+01,
    0., -4.55511999e+00, 2.01900005e+01, 0., -4.50460005e+00,
    2.02199993e+01, 0., -4.42705011e+00, 2.02500000e+01, 0.,
    -4.36213017e+00, 2.02800007e+01, 0., -4.29090023e+00, 2.03099995e+01,
    0., -4.24594021e+00, 2.03400002e+01, 0., -4.18879986e+00,
    2.03700008e+01, 0., -4.14031982e+00, 2.03999996e+01, 0.,
    -4.07889986e+00, 2.04300003e+01, 0., -4.02729988e+00, 2.04599991e+01,
    0., -3.96006989e+00, 2.04899998e+01, 0., -3.89787006e+00,
    2.05200005e+01, 0., -3.83566999e+00, 2.05499992e+01, 0.,
    -3.76648998e+00, 2.05799999e+01, 0., -3.71577001e+00, 2.06100006e+01,
    0., -3.65720010e+00, 2.06399994e+01, 0., -3.61292005e+00,
    2.06700001e+01, 0., -3.55525994e+00, 2.07000008e+01, 0.,
    -3.50645995e+00, 2.07299995e+01, 0., -3.43853998e+00, 2.07600002e+01,
    0., -3.37590003e+00, 2.07900009e+01, 0., -3.31326008e+00,
    2.08199997e+01, 0., -3.25354004e+00, 2.08500004e+01, 0.,
    -3.20950007e+00, 2.08799992e+01, 0., -3.14665008e+00, 2.09099998e+01,
    0., -3.09489012e+00, 2.09400005e+01, 0., -3.03628993e+00,
    2.09699993e+01, 0., -2.99068999e+00, 21., 0., -2.93040991e+00,
    2.10300007e+01, 0., -2.88049006e+00, 2.10599995e+01, 0.,
    -2.82233000e+00, 2.10900002e+01, 0., -2.77809000e+00, 2.11200008e+01,
    0., -2.71485996e+00, 2.11499996e+01, 0., -2.65486002e+00,
    2.11800003e+01, 0., -2.59580994e+00, 2.12099991e+01, 0.,
    -2.56781006e+00, 2.12399998e+01, 0., -2.51605010e+00, 2.12700005e+01,
    0., -2.45457006e+00, 2.12999992e+01, 0., -2.38382006e+00,
    2.13299999e+01, 0., -2.34674001e+00, 2.13600006e+01, 0.,
    -2.29699993e+00, 2.13899994e+01, 0., -2.24636006e+00, 2.14200001e+01,
    0., -2.18393993e+00, 2.14500008e+01, 0., -2.13714004e+00,
    2.14799995e+01, 0., -2.07888007e+00, 2.15100002e+01, 0.,
    -2.03304005e+00, 2.15400009e+01, 0., -1.98720002e+00, 2.15699997e+01,
    0., -1.93245995e+00, 2.16000004e+01, 0., -1.88922000e+00,
    2.16299992e+01, 0., -1.83097005e+00, 2.16599998e+01, 0.,
    -1.78357005e+00, 2.16900005e+01, 0., -1.73132002e+00, 2.17199993e+01,
    0., -1.69092000e+00, 2.17500000e+01, 0., -1.63107002e+00,
    2.17800007e+01, 0., -1.58134997e+00, 2.18099995e+01, 0.,
    -1.52550006e+00, 2.18400002e+01, 0., -1.48210001e+00, 2.18700008e+01,
    0., -1.42715001e+00, 2.18999996e+01, 0., -1.38311005e+00,
    2.19300003e+01, 0., -1.32497001e+00, 2.19599991e+01, 0.,
    -1.27788997e+00, 2.19899998e+01, 0., -1.22765005e+00, 2.20200005e+01,
    0., -1.18924999e+00, 2.20499992e+01, 0., -1.13304996e+00,
    2.20799999e+01, 0., -1.08644998e+00, 2.21100006e+01, 0.,
    -1.03408003e+00, 2.21399994e+01, 0., -9.93399978e-01, 2.21700001e+01,
    0., -9.41879988e-01, 2.22000008e+01, 0., -9.00560021e-01,
    2.22299995e+01, 0., -8.50650012e-01, 2.22600002e+01, 0.,
    -8.11089993e-01, 2.22900009e+01, 0., -7.57900000e-01, 2.23199997e+01,
    0., -7.14619994e-01, 2.23500004e+01, 0., -6.64789975e-01,
    2.23799992e+01, 0., -6.17789984e-01, 2.24099998e+01, 0.,
    -5.85910022e-01, 2.24400005e+01, 0., -5.42760015e-01, 2.24699993e+01,
    0., -4.97880012e-01, 2.25000000e+01, 0., -4.42299992e-01,
    2.25300007e+01, 0., -3.99820000e-01, 2.25599995e+01, 0.,
    -3.47799987e-01, 2.25900002e+01, 0., -3.09680015e-01, 2.26200008e+01,
    0., -2.59510010e-01, 2.26499996e+01, 0., -2.16429994e-01,
    2.26800003e+01, 0., -1.60479993e-01, 2.27099991e+01, 0.,
    -1.13320000e-01, 2.27399998e+01, 0., -5.79899997e-02, 2.27700005e+01,
    0., -1.80699993e-02, 2.27999992e+01, 0., 3.03000007e-02,
    2.28299999e+01, 0., 6.71000034e-02, 2.28600006e+01, 0.,
    1.16880000e-01, 2.28899994e+01, 0., 1.61119998e-01, 2.29200001e+01,
    0., 2.11400002e-01, 2.29500008e+01, 0., 2.45440006e-01,
    2.29799995e+01, 0., 2.92039990e-01, 2.30100002e+01, 0.,
    3.31440002e-01, 2.30400009e+01, 0., 3.78160000e-01, 2.30699997e+01,
