%YAML:1.0
---
scan_line: [ 1.92000008e+01, 0., -1.05286503e+01, 1.92299995e+01, 0.,
    -1.04263697e+01, 1.92600002e+01, 0., -1.03240900e+01, 1.92900009e+01,
    0., -1.01872902e+01, 1.93199997e+01, 0., -1.00731697e+01,
    1.93500004e+01, 0., -9.95905018e+00, 1.93799992e+01, 0.,
    -9.84492970e+00, 1.94099998e+01, 0., -9.70767021e+00, 1.94400005e+01,
    0., -9.60451031e+00, 1.94699993e+01, 0., -9.50135040e+00,
    1.95000000e+01, 0., -9.39818954e+00, 1.95300007e+01, 0.,
    -9.27505016e+00, 1.95599995e+01, 0., -9.17780972e+00, 1.95900002e+01,
    0., -9.08057022e+00, 1.96200008e+01, 0., -8.95450974e+00,
    1.96499996e+01, 0., -8.85126972e+00, 1.96800003e+01, 0.,
    -8.74802971e+00, 1.97099991e+01, 0., -8.62817955e+00, 1.97399998e+01,
    0., -8.54337978e+00, 1.97700005e+01, 0., -8.45858002e+00,
    1.97999992e+01, 0., -8.34412956e+00, 1.98299999e+01, 0.,
    -8.24265003e+00, 1.98600006e+01, 0., -8.14116955e+00, 1.98899994e+01,
    0., -8.01844978e+00, 1.99200001e+01, 0., -7.92529011e+00,
    1.99500008e+01, 0., -7.83212996e+00, 1.99799995e+01, 0.,
    -7.72169018e+00, 2.00100002e+01, 0., -7.64072990e+00, 2.00400009e+01,
    0., -7.55977011e+00, 2.00699997e+01, 0., -7.45054007e+00,
    2.01000004e+01, 0., -7.35890007e+00, 2.01299992e+01, 0.,
    -7.26726007e+00, 2.01599998e+01, 0., -7.16577005e+00, 2.01900005e+01,
    0., -7.09165001e+00, 2.02199993e+01, 0., -7.01752996e+00,
    2.02500000e+01, 0., -6.91990995e+00, 2.02800007e+01, 0.,
    -6.84082985e+00, 2.03099995e+01, 0., -6.73831987e+00, 2.03400002e+01,
    0., -6.65212011e+00, 2.03700008e+01, 0., -6.56591988e+00,
    2.03999996e+01, 0., -6.46527004e+00, 2.04300003e+01, 0.,
    -6.39339018e+00, 2.04599991e+01, 0., -6.32150984e+00, 2.04899998e+01,
    0., -6.22707987e+00, 2.05200005e+01, 0., -6.14911985e+00,
    2.05499992e+01, 0., -6.05212021e+00, 2.05799999e+01, 0.,
    -5.97612000e+00, 2.06100006e+01, 0., -5.90011978e+00, 2.06399994e+01,
    0., -5.80539989e+00, 2.06700001e+01, 0., -5.72987986e+00,
    2.07000008e+01, 0., -5.63739014e+00, 2.07299995e+01, 0.,
    -5.56991005e+00, 2.07600002e+01, 0., -5.50242996e+00, 2.07900009e+01,
    0., -5.41560984e+00, 2.08199997e+01, 0., -5.34328985e+00,
    2.08500004e+01, 0., -5.27096987e+00, 2.08799992e+01, 0.,
    -5.19610977e+00, 2.09099998e+01, 0., -5.13938999e+00, 2.09400005e+01,
    0., -5.05888987e+00, 2.09699993e+01, 0., -4.98940992e+00, 21., 0.,
    -4.90190983e+00, 2.10300007e+01, 0., -4.82994986e+00, 2.10599995e+01,
    0., -4.75798988e+00, 2.10900002e+01, 0., -4.67679977e+00,
    2.11200008e+01, 0., -4.61664009e+00, 2.11499996e+01, 0.,
    -4.53539991e+00, 2.11800003e+01, 0., -4.46723986e+00, 2.12099991e+01,
    0., -4.38176012e+00, 2.12399998e+01, 0., -4.31283998e+00,
    2.12700005e+01, 0., -4.24391985e+00, 2.12999992e+01, 0.,
    -4.17071009e+00, 2.13299999e+01, 0., -4.11911011e+00, 2.13600006e+01,
    0., -4.04462004e+00, 2.13899994e+01, 0., -3.97322011e+00,
    2.14200001e+01, 0., -3.88903999e+00, 2.14500008e+01, 0.,
    -3.83823991e+00, 2.14799995e+01, 0., -3.78744006e+00, 2.15100002e+01,
    0., -3.70752001e+00, 2.15400009e+01, 0., -3.64032006e+00,
    2.15699997e+01, 0., -3.56306005e+00, 2.16000004e+01, 0.,
    -3.50938010e+00, 2.16299992e+01, 0., -3.43576002e+00, 2.16599998e+01,
    0., -3.36915994e+00, 2.16900005e+01, 0., -3.30256009e+00,
    2.17199993e+01, 0., -3.23518991e+00, 2.17500000e+01, 0.,
    -3.18450999e+00, 2.17800007e+01, 0., -3.10398006e+00, 2.18099995e+01,
    0., -3.03613997e+00, 2.18400002e+01, 0., -2.96040010e+00,
    2.18700008e+01, 0., -2.91088009e+00, 2.18999996e+01, 0.,
    -2.84050989e+00, 2.19300003e+01, 0., -2.77411008e+00, 2.19599991e+01,
    0., -2.70771003e+00, 2.19899998e+01, 0., -2.64129996e+00,
    2.20200005e+01, 0., -2.59150004e+00, 2.20499992e+01, 0.,
    -2.53033996e+00, 2.20799999e+01, 0., -2.48165989e+00, 2.21100006e+01,
    0., -2.41149998e+00, 2.21399994e+01, 0., -2.35358000e+00,
    2.21700001e+01, 0., -2.28626990e+00, 2.22000008e+01, 0.,
    -2.23518991e+00, 2.22299995e+01, 0., -2.16704011e+00, 2.22600002e+01,
    0., -2.11023998e+00, 2.22900009e+01, 0., -2.03842998e+00,
    2.23199997e+01, 0., -1.98014998e+00, 2.23500004e+01, 0.,
    -1.90956998e+00, 2.23799992e+01, 0., -1.86073005e+00, 2.24099998e+01,
    0., -1.79984999e+00, 2.24400005e+01, 0., -1.75185001e+00,
    2.24699993e+01, 0., -1.68835998e+00, 2.25000000e+01, 0.,
    -1.62668002e+00, 2.25300007e+01, 0., -1.56500006e+00, 2.25599995e+01,
    0., -1.50743997e+00, 2.25900002e+01, 0., -1.47184002e+00,
    2.26200008e+01, 0., -1.40768003e+00, 2.26499996e+01, 0.,
    -1.35244000e+00, 2.26800003e+01, 0., -1.28190994e+00, 2.27099991e+01,
    0., -1.22470999e+00, 2.27399998e+01, 0., -1.16039002e+00,
    2.27700005e+01, 0., -1.11283004e+00, 2.27999992e+01, 0.,
    -1.05210996e+00, 2.28299999e+01, 0., -1.00206995e+00, 2.28600006e+01,
    0., -9.42849994e-01, 2.28899994e+01, 0., -8.97289991e-01,
    2.29200001e+01, 0., -8.38999987e-01, 2.29500008e+01, 0.,
    -7.90840030e-01, 2.29799995e+01, 0., -7.32479990e-01, 2.30100002e+01,
    0., -6.88120008e-01, 2.30400009e+01, 0., -6.31320000e-01,
    2.30699997e+01, 0., -5.84280014e-01, 2.31000004e+01, 0.,
    -5.27480006e-01, 2.31299992e+01, 0., -4.84600008e-01, 2.31599998e+01,
    0., -4.19970006e-01, 2.31900005e+01, 0., -3.55170012e-01,
    2.32199993e+01, 0., -2.83450007e-01, 2.32500000e+01, 0.,
    -2.37250000e-01, 2.32800007e+01, 0., -1.78839996e-01, 2.33099995e+01,
    0., -1.29999995e-01, 2.33400002e+01, 0., -7.05199987e-02,
    2.33700008e+01, 0., -2.82799993e-02, 2.33999996e+01, 0.,
    2.55699996e-02, 2.34300003e+01, 0., 6.98899999e-02, 2.34599991e+01,
    0., 1.26809999e-01, 2.34899998e+01, 0., 1.74129993e-01,
    2.35200005e+01, 0., 2.30230004e-01, 2.35499992e+01, 0.,
    2.71389991e-01, 2.35799999e+01, 0., 3.25859994e-01, 2.36100006e+01,
    0., 3.73059988e-01, 2.36399994e+01, 0., 4.30409998e-01,
    2.36700001e+01, 0., 4.74169999e-01, 2.37000008e+01, 0.,
    5.29089987e-01, 2.37299995e+01, 0., 5.73170006e-01, 2.37600002e+01,
    0., 6.26089990e-01, 2.37900009e+01, 0., 6.65730000e-01,
    2.38199997e+01, 0., 7.19699979e-01, 2.38500004e+01, 0.,
    7.68060029e-01, 2.38799992e+01, 0., 8.23780000e-01, 2.39099998e+01,
    0., 8.65740001e-01, 2.39400005e+01, 0., 9.18169975e-01,
    2.39699993e+01, 0., 9.60089982e-01, 24., 0., 1.01624000e+00,
    2.40300007e+01, 0., 1.06315994e+00, 2.40599995e+01, 0.,
    1.11653996e+00, 2.40900002e+01, 0., 1.15638006e+00, 2.41200008e+01,
    0., 1.20915997e+00, 2.41499996e+01, 0., 1.25196004e+00,
    2.41800003e+01, 0., 1.30089998e+00, 2.42099991e+01, 0.,
    1.34926999e+00, 2.42399998e+01, 0., 1.38954997e+00, 2.42700005e+01,
    0., 1.43896997e+00, 2.42999992e+01, 0., 1.47528994e+00,
    2.43299999e+01, 0., 1.52315998e+00, 2.43600006e+01, 0.,
    1.56928003e+00, 2.43899994e+01, 0., 1.62204003e+00, 2.44200001e+01,
    0., 1.65831995e+00, 2.44500008e+01, 0., 1.70817006e+00,
    2.44799995e+01, 0., 1.75345004e+00, 2.45100002e+01, 0.,
    1.80902004e+00, 2.45400009e+01, 0., 1.85290003e+00, 2.45699997e+01,
    0., 1.90345001e+00, 2.46000004e+01, 0., 1.94157004e+00,
    2.46299992e+01, 0., 1.99304998e+00, 2.46599998e+01, 0.,
    2.03617001e+00, 2.46900005e+01, 0., 2.09098005e+00, 2.47199993e+01,
    0., 2.13529992e+00, 2.47500000e+01, 0., 2.18577003e+00,
    2.47800007e+01, 0., 2.22513008e+00, 2.48099995e+01, 0.,
    2.25765991e+00, 2.48400002e+01, 0., 2.29367995e+00, 2.48700008e+01,
    0., 2.33164001e+00, 2.48999996e+01, 0., 2.38056993e+00,
    2.49300003e+01, 0., 2.42144990e+00, 2.49599991e+01, 0.,
    2.47404003e+00, 2.49899998e+01, 0., 2.51776004e+00, 2.50200005e+01,
    0., 2.57100010e+00, 2.50499992e+01, 0., 2.61279988e+00,
    2.50799999e+01, 0., 2.66485000e+00, 2.51100006e+01, 0.,
    2.70629001e+00, 2.51399994e+01, 0., 2.75313997e+00, 2.51700001e+01,
    0., 2.78961992e+00, 2.52000008e+01, 0., 2.82302999e+00,
    2.52299995e+01, 0., 2.86244988e+00, 2.52600002e+01, 0.,
    2.90485001e+00, 2.52900009e+01, 0., 2.95637012e+00, 2.53199997e+01,
