%YAML:1.0
---
scan_line: [ 1.81800003e+01, 0., -2.08735104e+01, 1.82099991e+01, 0.,
    -2.07472305e+01, 1.82399998e+01, 0., -2.06209507e+01, 1.83299999e+01,
    0., -2.01801605e+01, 1.83600006e+01, 0., -2.00387592e+01,
    1.83899994e+01, 0., -1.98973598e+01, 1.84500008e+01, 0.,
    -1.95929794e+01, 1.84799995e+01, 0., -1.95074596e+01, 1.85100002e+01,
    0., -1.94219398e+01, 1.85400009e+01, 0., -1.93364201e+01,
    1.85699997e+01, 0., -1.91829205e+01, 1.86000004e+01, 0.,
    -1.90508003e+01, 1.86299992e+01, 0., -1.89186802e+01, 1.86599998e+01,
    0., -1.87865601e+01, 1.86900005e+01, 0., -1.86325607e+01,
    1.87199993e+01, 0., -1.85229206e+01, 1.87500000e+01, 0.,
    -1.84132805e+01, 1.87800007e+01, 0., -1.83036404e+01, 1.88099995e+01,
    0., -1.81678391e+01, 1.88400002e+01, 0., -1.80599194e+01,
    1.88700008e+01, 0., -1.79519997e+01, 1.88999996e+01, 0.,
    -1.78440800e+01, 1.89300003e+01, 0., -1.77355595e+01, 1.89599991e+01,
    0., -1.76541195e+01, 1.89899998e+01, 0., -1.75726795e+01,
    1.90200005e+01, 0., -1.74412308e+01, 1.90499992e+01, 0.,
    -1.73302307e+01, 1.90799999e+01, 0., -1.72192307e+01, 1.91100006e+01,
    0., -1.70955601e+01, 1.91399994e+01, 0., -1.70148792e+01,
    1.91700001e+01, 0., -1.69342003e+01, 1.92000008e+01, 0.,
    -1.68276196e+01, 1.92299995e+01, 0., -1.67355003e+01, 1.92600002e+01,
    0., -1.66433792e+01, 1.92900009e+01, 0., -1.65286503e+01,
    1.93199997e+01, 0., -1.64383297e+01, 1.93500004e+01, 0.,
    -1.63480091e+01, 1.93799992e+01, 0., -1.62382908e+01, 1.94099998e+01,
    0., -1.61543293e+01, 1.94400005e+01, 0., -1.60703697e+01,
    1.94699993e+01, 0., -1.59658499e+01, 1.95000000e+01, 0.,
    -1.58828096e+01, 1.95300007e+01, 0., -1.57997704e+01, 1.95599995e+01,
    0., -1.56969805e+01, 1.95900002e+01, 0., -1.56160202e+01,
    1.96200008e+01, 0., -1.55350599e+01, 1.96499996e+01, 0.,
    -1.54386301e+01, 1.96800003e+01, 0., -1.53641100e+01, 1.97099991e+01,
    0., -1.52895899e+01, 1.97399998e+01, 0., -1.51924400e+01,
    1.97700005e+01, 0., -1.51139603e+01, 1.97999992e+01, 0.,
    -1.50164404e+01, 1.98299999e+01, 0., -1.49403200e+01, 1.98600006e+01,
    0., -1.48641996e+01, 1.98899994e+01, 0., -1.47664003e+01,
    1.99200001e+01, 0., -1.46851597e+01, 1.99500008e+01, 0.,
    -1.46039200e+01, 1.99799995e+01, 0., -1.45113602e+01, 2.00100002e+01,
    0., -1.44391203e+01, 2.00400009e+01, 0., -1.43486204e+01,
    2.00699997e+01, 0., -1.42756596e+01, 2.01000004e+01, 0.,
    -1.42026997e+01, 2.01299992e+01, 0., -1.41141500e+01, 2.01599998e+01,
    0., -1.40466299e+01, 2.01900005e+01, 0., -1.39791098e+01,
    2.02199993e+01, 0., -1.38922005e+01, 2.02500000e+01, 0.,
    -1.38222399e+01, 2.02800007e+01, 0., -1.37336903e+01, 2.03099995e+01,
    0., -1.36622896e+01, 2.03400002e+01, 0., -1.35908899e+01,
    2.03700008e+01, 0., -1.35151701e+01, 2.03999996e+01, 0.,
    -1.34574099e+01, 2.04300003e+01, 0., -1.33735704e+01, 2.04599991e+01,
    0., -1.33002901e+01, 2.04899998e+01, 0., -1.32143497e+01,
    2.05200005e+01, 0., -1.31638699e+01, 2.05499992e+01, 0.,
    -1.31133900e+01, 2.05799999e+01, 0., -1.30327396e+01, 2.06100006e+01,
    0., -1.29589396e+01, 2.06399994e+01, 0., -1.28715000e+01,
    2.06700001e+01, 0., -1.28171797e+01, 2.07000008e+01, 0.,
    -1.27628603e+01, 2.07299995e+01, 0., -1.26763201e+01, 2.07600002e+01,
    0., -1.26034403e+01, 2.07900009e+01, 0., -1.25232296e+01,
    2.08199997e+01, 0., -1.24723101e+01, 2.08500004e+01, 0.,
    -1.24032202e+01, 2.08799992e+01, 0., -1.23308601e+01, 2.09099998e+01,
    0., -1.22585001e+01, 2.09400005e+01, 0., -1.21840897e+01,
    2.09699993e+01, 0., -1.21331701e+01, 21., 0., -1.20607004e+01,
    2.10300007e+01, 0., -1.19922600e+01, 2.10599995e+01, 0.,
    -1.19238195e+01, 2.10900002e+01, 0., -1.18538198e+01, 2.11200008e+01,
    0., -1.18010197e+01, 2.11499996e+01, 0., -1.17375898e+01,
    2.11800003e+01, 0., -1.16882696e+01, 2.12099991e+01, 0.,
    -1.16247997e+01, 2.12399998e+01, 0., -1.15719204e+01, 2.12700005e+01,
    0., -1.14971600e+01, 2.12999992e+01, 0., -1.14271202e+01,
    2.13299999e+01, 0., -1.13570805e+01, 2.13600006e+01, 0.,
    -1.12894297e+01, 2.13899994e+01, 0., -1.12393503e+01, 2.14200001e+01,
    0., -1.11674900e+01, 2.14500008e+01, 0., -1.11050901e+01,
    2.14799995e+01, 0., -1.10277500e+01, 2.15100002e+01, 0.,
    -1.09667101e+01, 2.15400009e+01, 0., -1.08938103e+01, 2.15699997e+01,
    0., -1.08467302e+01, 2.16000004e+01, 0., -1.07996502e+01,
    2.16299992e+01, 0., -1.07388000e+01, 2.16599998e+01, 0.,
    -1.06897602e+01, 2.16900005e+01, 0., -1.06185398e+01, 2.17199993e+01,
    0., -1.05563002e+01, 2.17500000e+01, 0., -1.04853096e+01,
    2.17800007e+01, 0., -1.04367905e+01, 2.18099995e+01, 0.,
    -1.03768997e+01, 2.18400002e+01, 0., -1.03299799e+01, 2.18700008e+01,
    0., -1.02689896e+01, 2.18999996e+01, 0., -1.02128696e+01,
    2.19300003e+01, 0., -1.01567497e+01, 2.19599991e+01, 0.,
    -1.01027603e+01, 2.19899998e+01, 0., -1.00628004e+01, 2.20200005e+01,
    0., -9.99606991e+00, 2.20499992e+01, 0., -9.93939018e+00,
    2.20799999e+01, 0., -9.87314987e+00, 2.21100006e+01, 0.,
    -9.82266998e+00, 2.21399994e+01, 0., -9.75800037e+00, 2.21700001e+01,
    0., -9.70547962e+00, 2.22000008e+01, 0., -9.64198971e+00,
    2.22299995e+01, 0., -9.59391022e+00, 2.22600002e+01, 0.,
    -9.53227043e+00, 2.22900009e+01, 0., -9.47815037e+00, 2.23199997e+01,
    0., -9.41049004e+00, 2.23500004e+01, 0., -9.35641003e+00,
    2.23799992e+01, 0., -9.30233002e+00, 2.24099998e+01, 0.,
    -9.24685001e+00, 2.24400005e+01, 0., -9.20489025e+00, 2.24699993e+01,
    0., -9.14612007e+00, 2.25000000e+01, 0., -9.09792042e+00,
    2.25300007e+01, 0., -9.04345989e+00, 2.25599995e+01, 0.,
    -9.00302029e+00, 2.25900002e+01, 0., -8.94390011e+00, 2.26200008e+01,
    0., -8.89206028e+00, 2.26499996e+01, 0., -8.83720970e+00,
    2.26800003e+01, 0., -8.80533028e+00, 2.27099991e+01, 0.,
    -8.74110985e+00, 2.27399998e+01, 0., -8.67683029e+00, 2.27700005e+01,
    0., -8.61050034e+00, 2.27999992e+01, 0., -8.57425976e+00,
    2.28299999e+01, 0., -8.52091980e+00, 2.28600006e+01, 0.,
    -8.46860027e+00, 2.28899994e+01, 0., -8.40396023e+00, 2.29200001e+01,
    0., -8.35484028e+00, 2.29500008e+01, 0., -8.29374027e+00,
    2.29799995e+01, 0., -8.24613953e+00, 2.30100002e+01, 0.,
    -8.18772984e+00, 2.30400009e+01, 0., -8.14465046e+00, 2.30699997e+01,
    0., -8.09352016e+00, 2.31000004e+01, 0., -8.06163979e+00,
    2.31299992e+01, 0., -8.02058029e+00, 2.31599998e+01, 0.,
    -7.98386002e+00, 2.31900005e+01, 0., -7.93549013e+00, 2.32199993e+01,
    0., -7.88917017e+00, 2.32500000e+01, 0., -7.83090019e+00,
    2.32800007e+01, 0., -7.78318024e+00, 2.33099995e+01, 0.,
    -7.72440004e+00, 2.33400002e+01, 0., -7.68039989e+00, 2.33700008e+01,
    0., -7.62622023e+00, 2.33999996e+01, 0., -7.58557987e+00,
    2.34300003e+01, 0., -7.53406000e+00, 2.34599991e+01, 0.,
    -7.49058008e+00, 2.34899998e+01, 0., -7.44710016e+00, 2.35200005e+01,
    0., -7.39524984e+00, 2.35499992e+01, 0., -7.35433006e+00,
    2.35799999e+01, 0., -7.30106020e+00, 2.36100006e+01, 0.,
    -7.25801992e+00, 2.36399994e+01, 0., -7.20705986e+00, 2.36700001e+01,
    0., -7.15496016e+00, 2.37000008e+01, 0., -7.10707998e+00,
    2.37299995e+01, 0., -7.05919981e+00, 2.37600002e+01, 0.,
    -7.01459980e+00, 2.37900009e+01, 0., -6.97256994e+00, 2.38199997e+01,
    0., -6.93485022e+00, 2.38500004e+01, 0., -6.88562012e+00,
    2.38799992e+01, 0., -6.83985996e+00, 2.39099998e+01, 0.,
    -6.78385019e+00, 2.39400005e+01, 0., -6.74288988e+00, 2.39699993e+01,
    0., -6.69246006e+00, 24., 0., -6.65481997e+00, 2.40300007e+01, 0.,
    -6.60759020e+00, 2.40599995e+01, 0., -6.56938982e+00, 2.40900002e+01,
    0., -6.52394009e+00, 2.41200008e+01, 0., -6.49037981e+00,
    2.41499996e+01, 0., -6.44218016e+00, 2.41800003e+01, 0.,
    -6.39625978e+00, 2.42099991e+01, 0., -6.34104013e+00, 2.42399998e+01,
    0., -6.29956007e+00, 2.42700005e+01, 0., -6.24873018e+00,
    2.42999992e+01, 0., -6.20944977e+00, 2.43299999e+01, 0.,
