%YAML:1.0
---
scan_line: [ 2.82900009e+01, 0., -1.84859791e+01, 2.83199997e+01, 0.,
    -1.83493805e+01, 2.83500004e+01, 0., -1.82127800e+01, 2.83799992e+01,
    0., -1.80433903e+01, 2.84099998e+01, 0., -1.79087505e+01,
    2.84400005e+01, 0., -1.77741108e+01, 2.84699993e+01, 0.,
    -1.76007805e+01, 2.85000000e+01, 0., -1.74562607e+01, 2.85300007e+01,
    0., -1.73117409e+01, 2.85599995e+01, 0., -1.71360397e+01,
    2.85900002e+01, 0., -1.70014801e+01, 2.86200008e+01, 0.,
    -1.68669205e+01, 2.86499996e+01, 0., -1.67118797e+01, 2.86800003e+01,
    0., -1.66038399e+01, 2.87099991e+01, 0., -1.64958000e+01,
    2.87399998e+01, 0., -1.63576603e+01, 2.87700005e+01, 0.,
    -1.62435398e+01, 2.87999992e+01, 0., -1.61294193e+01, 2.88299999e+01,
    0., -1.59851198e+01, 2.88600006e+01, 0., -1.58688402e+01,
    2.88899994e+01, 0., -1.57525597e+01, 2.89200001e+01, 0.,
    -1.56048098e+01, 2.89500008e+01, 0., -1.54861298e+01, 2.89799995e+01,
    0., -1.53499804e+01, 2.90100002e+01, 0., -1.52557001e+01,
    2.90400009e+01, 0., -1.51614199e+01, 2.90699997e+01, 0.,
    -1.50482597e+01, 2.91000004e+01, 0., -1.49587002e+01, 2.91299992e+01,
    0., -1.48359404e+01, 2.91599998e+01, 0., -1.47248201e+01,
    2.91900005e+01, 0., -1.46136999e+01, 2.92199993e+01, 0.,
    -1.45028496e+01, 2.92500000e+01, 0., -1.44198103e+01, 2.92800007e+01,
    0., -1.43095598e+01, 2.93099995e+01, 0., -1.42138004e+01,
    2.93400002e+01, 0., -1.40977602e+01, 2.93700008e+01, 0.,
    -1.40167198e+01, 2.93999996e+01, 0., -1.39356804e+01, 2.94300003e+01,
    0., -1.38254499e+01, 2.94599991e+01, 0., -1.37326097e+01,
    2.94899998e+01, 0., -1.36196203e+01, 2.95200005e+01, 0.,
    -1.35329800e+01, 2.95499992e+01, 0., -1.34252901e+01, 2.95799999e+01,
    0., -1.33413296e+01, 2.96100006e+01, 0., -1.32573700e+01,
    2.96399994e+01, 0., -1.31527996e+01, 2.96700001e+01, 0.,
    -1.30694799e+01, 2.97000008e+01, 0., -1.29638100e+01, 2.97299995e+01,
    0., -1.28775702e+01, 2.97600002e+01, 0., -1.27751999e+01,
    2.97900009e+01, 0., -1.27109203e+01, 2.98199997e+01, 0.,
    -1.26260500e+01, 2.98500004e+01, 0., -1.25438900e+01, 2.98799992e+01,
    0., -1.24617300e+01, 2.99099998e+01, 0., -1.23633003e+01,
    2.99400005e+01, 0., -1.22854605e+01, 2.99699993e+01, 0.,
    -1.21973200e+01, 30., 0., -1.21378403e+01, 3.00300007e+01, 0.,
    -1.20520401e+01, 3.00599995e+01, 0., -1.19697199e+01, 3.00900002e+01,
    0., -1.18723001e+01, 3.01200008e+01, 0., -1.18119001e+01,
    3.01499996e+01, 0., -1.17314596e+01, 3.01800003e+01, 0.,
    -1.16515799e+01, 3.02099991e+01, 0., -1.15717001e+01, 3.02399998e+01,
    0., -1.14769297e+01, 3.02700005e+01, 0., -1.14022102e+01,
    3.02999992e+01, 0., -1.13276100e+01, 3.03299999e+01, 0.,
    -1.12717304e+01, 3.03600006e+01, 0., -1.11780005e+01, 3.03899994e+01,
    0., -1.10982800e+01, 3.04200001e+01, 0., -1.10157404e+01,
    3.04500008e+01, 0., -1.09589396e+01, 3.04799995e+01, 0.,
    -1.08831997e+01, 3.05100002e+01, 0., -1.08201599e+01, 3.05400009e+01,
    0., -1.07428503e+01, 3.05699997e+01, 0., -1.06828098e+01,
    3.06000004e+01, 0., -1.05972996e+01, 3.06299992e+01, 0.,
    -1.05164604e+01, 3.06599998e+01, 0., -1.04271603e+01, 3.06900005e+01,
    0., -1.03699598e+01, 3.07199993e+01, 0., -1.02902002e+01,
    3.07500000e+01, 0., -1.02166405e+01, 3.07800007e+01, 0.,
    -1.01297598e+01, 3.08099995e+01, 0., -1.00765200e+01, 3.08400002e+01,
    0., -1.00085001e+01, 3.08700008e+01, 0., -9.94966030e+00,
    3.08999996e+01, 0., -9.87520981e+00, 3.09300003e+01, 0.,
    -9.81305027e+00, 3.09599991e+01, 0., -9.73324966e+00, 3.09899998e+01,
    0., -9.66289043e+00, 3.10200005e+01, 0., -9.57892036e+00,
    3.10499992e+01, 0., -9.52480030e+00, 3.10799999e+01, 0.,
    -9.45713043e+00, 3.11100006e+01, 0., -9.40305042e+00, 3.11399994e+01,
    0., -9.33646965e+00, 3.11700001e+01, 0., -9.28654957e+00,
    3.12000008e+01, 0., -9.22117043e+00, 3.12299995e+01, 0.,
    -9.15933037e+00, 3.12600002e+01, 0., -9.08024025e+00, 3.12900009e+01,
    0., -9.01132011e+00, 3.13199997e+01, 0., -8.93006992e+00,
    3.13500004e+01, 0., -8.88074970e+00, 3.13799992e+01, 0.,
    -8.81752014e+00, 3.14099998e+01, 0., -8.76196003e+00, 3.14400005e+01,
    0., -8.69334030e+00, 3.14699993e+01, 0., -8.64138031e+00,
    3.15000000e+01, 0., -8.57577038e+00, 3.15300007e+01, 0.,
    -8.52256966e+00, 3.15599995e+01, 0., -8.45851040e+00, 3.15900002e+01,
    0., -8.41022968e+00, 3.16200008e+01, 0., -8.33650017e+00,
    3.16499996e+01, 0., -8.26158047e+00, 3.16800003e+01, 0.,
    -8.18183994e+00, 3.17099991e+01, 0., -8.13479996e+00, 3.17399998e+01,
    0., -8.07203960e+00, 3.17700005e+01, 0., -8.01708031e+00,
    3.17999992e+01, 0., -7.95273018e+00, 3.18299999e+01, 0.,
    -7.90357018e+00, 3.18600006e+01, 0., -7.84180021e+00, 3.18899994e+01,
    0., -7.79228020e+00, 3.19200001e+01, 0., -7.72545004e+00,
    3.19500008e+01, 0., -7.66937017e+00, 3.19799995e+01, 0.,
    -7.60736990e+00, 3.20099983e+01, 0., -7.55941010e+00, 3.20400009e+01,
    0., -7.49723005e+00, 3.20699997e+01, 0., -7.43420982e+00,
    3.20999985e+01, 0., -7.38304996e+00, 3.21300011e+01, 0.,
    -7.32051992e+00, 3.21599998e+01, 0., -7.27528000e+00, 3.21899986e+01,
    0., -7.21617985e+00, 3.22200012e+01, 0., -7.16082001e+00,
    3.22500000e+01, 0., -7.09561014e+00, 3.22799988e+01, 0.,
    -7.04828978e+00, 3.23100014e+01, 0., -6.98620987e+00, 3.23400002e+01,
    0., -6.93305016e+00, 3.23699989e+01, 0., -6.87654018e+00,
    3.24000015e+01, 0., -6.83665991e+00, 3.24300003e+01, 0.,
    -6.77567005e+00, 3.24599991e+01, 0., -6.72099018e+00, 3.24900017e+01,
    0., -6.66341019e+00, 3.25200005e+01, 0., -6.61956978e+00,
    3.25499992e+01, 0., -6.56753016e+00, 3.25800018e+01, 0.,
    -6.51266003e+00, 3.26100006e+01, 0., -6.45758009e+00, 3.26399994e+01,
    0., -6.38863993e+00, 3.26699982e+01, 0., -6.33328009e+00,
    3.27000008e+01, 0., -6.26911020e+00, 3.27299995e+01, 0.,
    -6.22390985e+00, 3.27599983e+01, 0., -6.17346001e+00, 3.27900009e+01,
    0., -6.14037991e+00, 3.28199997e+01, 0., -6.08390999e+00,
    3.28499985e+01, 0., -6.03071022e+00, 3.28800011e+01, 0.,
    -5.97604990e+00, 3.29099998e+01, 0., -5.92422009e+00, 3.29399986e+01,
    0., -5.88242006e+00, 3.29700012e+01, 0., -5.82878017e+00, 33., 0.,
    -5.78142023e+00, 3.30299988e+01, 0., -5.72178984e+00, 3.30600014e+01,
    0., -5.67366982e+00, 3.30900002e+01, 0., -5.61863995e+00,
    3.31199989e+01, 0., -5.57740021e+00, 3.31500015e+01, 0.,
    -5.52108002e+00, 3.31800003e+01, 0., -5.47355986e+00, 3.32099991e+01,
    0., -5.41260004e+00, 3.32400017e+01, 0., -5.35604000e+00,
    3.32700005e+01, 0., -5.32607985e+00, 3.32999992e+01, 0.,
    -5.28090000e+00, 3.33300018e+01, 0., -5.23562002e+00, 3.33600006e+01,
    0., -5.18148994e+00, 3.33899994e+01, 0., -5.13953018e+00,
    3.34199982e+01, 0., -5.08158016e+00, 3.34500008e+01, 0.,
    -5.03238010e+00, 3.34799995e+01, 0., -4.97538996e+00, 3.35099983e+01,
    0., -4.92089987e+00, 3.35400009e+01, 0., -4.88193989e+00,
    3.35699997e+01, 0., -4.83103991e+00, 3.35999985e+01, 0.,
    -4.78359985e+00, 3.36300011e+01, 0., -4.73467016e+00, 3.36599998e+01,
    0., -4.70810986e+00, 3.36899986e+01, 0., -4.66708994e+00,
    3.37200012e+01, 0., -4.63012981e+00, 3.37500000e+01, 0.,
    -4.56982994e+00, 3.37799988e+01, 0., -4.50697994e+00, 3.38100014e+01,
    0., -4.45993996e+00, 3.38400002e+01, 0., -4.41300011e+00,
    3.38699989e+01, 0., -4.38971996e+00, 3.39000015e+01, 0.,
    -4.34820986e+00, 3.39300003e+01, 0., -4.30841017e+00, 3.39599991e+01,
    0., -4.24830008e+00, 3.39900017e+01, 0., -4.18872023e+00,
    3.40200005e+01, 0., -4.15127993e+00, 3.40499992e+01, 0.,
    -4.10200977e+00, 3.40800018e+01, 0., -4.05472994e+00, 3.41100006e+01,
    0., -4.00749016e+00, 3.41399994e+01, 0., -3.98393011e+00,
    3.41699982e+01, 0., -3.94091010e+00, 3.42000008e+01, 0.,
    -3.89931011e+00, 3.42299995e+01, 0., -3.84331989e+00, 3.42599983e+01,
    0., -3.78695989e+00, 3.42900009e+01, 0., -3.74383998e+00,
    3.43199997e+01, 0., -3.69951010e+00, 3.43499985e+01, 0.,
