%YAML:1.0
---
scan_line: [ 1.93799992e+01, 0., -1.23827000e+01, 1.94099998e+01, 0.,
    -1.22634602e+01, 1.94400005e+01, 0., -1.21442204e+01, 1.94699993e+01,
    0., -1.20249796e+01, 1.95000000e+01, 0., -1.18714504e+01,
    1.95300007e+01, 0., -1.17478504e+01, 1.95599995e+01, 0.,
    -1.16242504e+01, 1.95900002e+01, 0., -1.15006504e+01, 1.96200008e+01,
    0., -1.13872004e+01, 1.96499996e+01, 0., -1.13047199e+01,
    1.96800003e+01, 0., -1.12222404e+01, 1.97099991e+01, 0.,
    -1.10867901e+01, 1.97399998e+01, 0., -1.09719896e+01, 1.97700005e+01,
    0., -1.08571901e+01, 1.97999992e+01, 0., -1.07192602e+01,
    1.98299999e+01, 0., -1.06156597e+01, 1.98600006e+01, 0.,
    -1.05120602e+01, 1.98899994e+01, 0., -1.04084597e+01, 1.99200001e+01,
    0., -1.02931604e+01, 1.99500008e+01, 0., -1.02086000e+01,
    1.99799995e+01, 0., -1.01240396e+01, 2.00100002e+01, 0.,
    -9.99767017e+00, 2.00400009e+01, 0., -9.89247036e+00, 2.00699997e+01,
    0., -9.78726959e+00, 2.01000004e+01, 0., -9.66816044e+00,
    2.01299992e+01, 0., -9.58775997e+00, 2.01599998e+01, 0.,
    -9.50736046e+00, 2.01900005e+01, 0., -9.39523983e+00, 2.02199993e+01,
    0., -9.29940033e+00, 2.02500000e+01, 0., -9.20355988e+00,
    2.02800007e+01, 0., -9.09949970e+00, 2.03099995e+01, 0.,
    -9.02478027e+00, 2.03400002e+01, 0., -8.95005989e+00, 2.03700008e+01,
    0., -8.83874035e+00, 2.03999996e+01, 0., -8.74610043e+00,
    2.04300003e+01, 0., -8.65345955e+00, 2.04599991e+01, 0.,
    -8.54689980e+00, 2.04899998e+01, 0., -8.46362019e+00, 2.05200005e+01,
    0., -8.36357021e+00, 2.05499992e+01, 0., -8.28853035e+00,
    2.05799999e+01, 0., -8.21348953e+00, 2.06100006e+01, 0.,
    -8.11705971e+00, 2.06399994e+01, 0., -8.03866005e+00, 2.06700001e+01,
    0., -7.94229984e+00, 2.07000008e+01, 0., -7.87058020e+00,
    2.07299995e+01, 0., -7.79886007e+00, 2.07600002e+01, 0.,
    -7.70561981e+00, 2.07900009e+01, 0., -7.62690020e+00, 2.08199997e+01,
    0., -7.54818010e+00, 2.08500004e+01, 0., -7.45269012e+00,
    2.08799992e+01, 0., -7.37689018e+00, 2.09099998e+01, 0.,
    -7.28588009e+00, 2.09400005e+01, 0., -7.21772003e+00, 2.09699993e+01,
    0., -7.14955997e+00, 21., 0., -7.05807018e+00, 2.10300007e+01, 0.,
    -6.98158979e+00, 2.10599995e+01, 0., -6.88755989e+00, 2.10900002e+01,
    0., -6.81756020e+00, 2.11200008e+01, 0., -6.74756002e+00,
    2.11499996e+01, 0., -6.66996002e+00, 2.11800003e+01, 0.,
    -6.61316013e+00, 2.12099991e+01, 0., -6.53429985e+00, 2.12399998e+01,
    0., -6.46190023e+00, 2.12700005e+01, 0., -6.38950014e+00,
    2.12999992e+01, 0., -6.30290985e+00, 2.13299999e+01, 0.,
    -6.23450994e+00, 2.13600006e+01, 0., -6.14732981e+00, 2.13899994e+01,
    0., -6.07576990e+00, 2.14200001e+01, 0., -6.00421000e+00,
    2.14500008e+01, 0., -5.92719984e+00, 2.14799995e+01, 0.,
    -5.86815977e+00, 2.15100002e+01, 0., -5.79175997e+00, 2.15400009e+01,
    0., -5.73019981e+00, 2.15699997e+01, 0., -5.65632010e+00,
    2.16000004e+01, 0., -5.59891987e+00, 2.16299992e+01, 0.,
    -5.52224016e+00, 2.16599998e+01, 0., -5.44524002e+00, 2.16900005e+01,
    0., -5.36823988e+00, 2.17199993e+01, 0., -5.29703999e+00,
    2.17500000e+01, 0., -5.24516010e+00, 2.17800007e+01, 0.,
    -5.16860008e+00, 2.18099995e+01, 0., -5.10116005e+00, 2.18400002e+01,
    0., -5.02093983e+00, 2.18700008e+01, 0., -4.96994019e+00,
    2.18999996e+01, 0., -4.90177011e+00, 2.19300003e+01, 0.,
    -4.83333015e+00, 2.19599991e+01, 0., -4.76489019e+00, 2.19899998e+01,
    0., -4.69249010e+00, 2.20200005e+01, 0., -4.64161015e+00,
    2.20499992e+01, 0., -4.57990980e+00, 2.20799999e+01, 0.,
    -4.53158998e+00, 2.21100006e+01, 0., -4.45898008e+00, 2.21399994e+01,
    0., -4.38626003e+00, 2.21700001e+01, 0., -4.30177021e+00,
    2.22000008e+01, 0., -4.25488997e+00, 2.22299995e+01, 0.,
    -4.20801020e+00, 2.22600002e+01, 0., -4.14558983e+00, 2.22900009e+01,
    0., -4.09495020e+00, 2.23199997e+01, 0., -4.02425003e+00,
    2.23500004e+01, 0., -3.96620989e+00, 2.23799992e+01, 0.,
    -3.89401007e+00, 2.24099998e+01, 0., -3.83648992e+00, 2.24400005e+01,
    0., -3.76328993e+00, 2.24699993e+01, 0., -3.70333004e+00,
    2.25000000e+01, 0., -3.63129997e+00, 2.25300007e+01, 0.,
    -3.58322001e+00, 2.25599995e+01, 0., -3.52293992e+00, 2.25900002e+01,
    0., -3.47433996e+00, 2.26200008e+01, 0., -3.41083002e+00,
    2.26499996e+01, 0., -3.35146999e+00, 2.26800003e+01, 0.,
    -3.29210997e+00, 2.27099991e+01, 0., -3.22482991e+00, 2.27399998e+01,
    0., -3.17238998e+00, 2.27700005e+01, 0., -3.10924006e+00,
    2.27999992e+01, 0., -3.05924010e+00, 2.28299999e+01, 0.,
    -2.99206996e+00, 2.28600006e+01, 0., -2.93590999e+00, 2.28899994e+01,
    0., -2.87828994e+00, 2.29200001e+01, 0., -2.83896995e+00,
    2.29500008e+01, 0., -2.77923989e+00, 2.29799995e+01, 0.,
    -2.72587991e+00, 2.30100002e+01, 0., -2.66072989e+00, 2.30400009e+01,
    0., -2.61061001e+00, 2.30699997e+01, 0., -2.54830003e+00,
    2.31000004e+01, 0., -2.49893999e+00, 2.31299992e+01, 0.,
    -2.43655992e+00, 2.31599998e+01, 0., -2.38592005e+00, 2.31900005e+01,
    0., -2.32367992e+00, 2.32199993e+01, 0., -2.27760005e+00,
    2.32500000e+01, 0., -2.21945000e+00, 2.32800007e+01, 0.,
    -2.17132998e+00, 2.33099995e+01, 0., -2.10923004e+00, 2.33400002e+01,
    0., -2.05343008e+00, 2.33700008e+01, 0., -1.98637998e+00,
    2.33999996e+01, 0., -1.94146001e+00, 2.34300003e+01, 0.,
    -1.88663006e+00, 2.34599991e+01, 0., -1.84727001e+00, 2.34899998e+01,
    0., -1.79398000e+00, 2.35200005e+01, 0., -1.73834002e+00,
    2.35499992e+01, 0., -1.67030001e+00, 2.35799999e+01, 0.,
    -1.62093997e+00, 2.36100006e+01, 0., -1.56081998e+00, 2.36399994e+01,
    0., -1.51777995e+00, 2.36700001e+01, 0., -1.46346998e+00,
    2.37000008e+01, 0., -1.41870999e+00, 2.37299995e+01, 0.,
    -1.36325002e+00, 2.37600002e+01, 0., -1.32061005e+00, 2.37900009e+01,
    0., -1.26706004e+00, 2.38199997e+01, 0., -1.22345996e+00,
    2.38500004e+01, 0., -1.16736996e+00, 2.38799992e+01, 0.,
    -1.11765003e+00, 2.39099998e+01, 0., -1.05690002e+00, 2.39400005e+01,
    0., -1.01310003e+00, 2.39699993e+01, 0., -9.58769977e-01, 24., 0.,
    -9.16769981e-01, 2.40300007e+01, 0., -8.64489973e-01, 2.40599995e+01,
    0., -8.23570013e-01, 2.40900002e+01, 0., -7.69640028e-01,
    2.41200008e+01, 0., -7.17840016e-01, 2.41499996e+01, 0.,
    -6.58689976e-01, 2.41800003e+01, 0., -6.18170023e-01, 2.42099991e+01,
    0., -5.65970004e-01, 2.42399998e+01, 0., -5.22409976e-01,
    2.42700005e+01, 0., -4.68409985e-01, 2.42999992e+01, 0.,
    -4.25889999e-01, 2.43299999e+01, 0., -3.75880003e-01, 2.43600006e+01,
    0., -3.39639992e-01, 2.43899994e+01, 0., -2.96889991e-01,
    2.44200001e+01, 0., -2.64050007e-01, 2.44500008e+01, 0.,
    -2.14430004e-01, 2.44799995e+01, 0., -1.70190006e-01, 2.45100002e+01,
    0., -1.14349999e-01, 2.45400009e+01, 0., -6.95900023e-02,
    2.45699997e+01, 0., -1.57600008e-02, 2.46000004e+01, 0.,
    2.68799998e-02, 2.46299992e+01, 0., 8.66800025e-02, 2.46599998e+01,
    0., 1.35759994e-01, 2.46900005e+01, 0., 1.85619995e-01,
    2.47199993e+01, 0., 2.31779993e-01, 2.47500000e+01, 0.,
    2.66140014e-01, 2.47800007e+01, 0., 3.11679989e-01, 2.48099995e+01,
    0., 3.56200010e-01, 2.48400002e+01, 0., 4.11780000e-01,
    2.48700008e+01, 0., 4.55740005e-01, 2.48999996e+01, 0.,
    5.01500010e-01, 2.49300003e+01, 0., 5.27059972e-01, 2.49599991e+01,
    0., 5.69410026e-01, 2.49899998e+01, 0., 6.08770013e-01,
    2.50200005e+01, 0., 6.61960006e-01, 2.50499992e+01, 0.,
    7.06600010e-01, 2.50799999e+01, 0., 7.57120013e-01, 2.51100006e+01,
    0., 7.96440005e-01, 2.51399994e+01, 0., 8.48290026e-01,
    2.51700001e+01, 0., 9.00489986e-01, 2.52000008e+01, 0.,
    9.41450000e-01, 2.52299995e+01, 0., 9.91959989e-01, 2.52600002e+01,
    0., 1.02988005e+00, 2.52900009e+01, 0., 1.07652998e+00,
    2.53199997e+01, 0., 1.11144996e+00, 2.53500004e+01, 0.,
    1.15572000e+00, 2.53799992e+01, 0., 1.19187999e+00, 2.54099998e+01,
    0., 1.23759997e+00, 2.54400005e+01, 0., 1.27444005e+00,
