%YAML:1.0
---
scan_line: [ 3.40499992e+01, 0., -1.96603603e+01, 3.40800018e+01, 0.,
    -1.96324806e+01, 3.41100006e+01, 0., -1.95990791e+01, 3.41399994e+01,
    0., -1.95741997e+01, 3.41699982e+01, 0., -1.94683399e+01,
    3.42000008e+01, 0., -1.92940197e+01, 3.42299995e+01, 0.,
    -1.91196995e+01, 3.42599983e+01, 0., -1.89200897e+01, 3.42900009e+01,
    0., -1.87823696e+01, 3.43199997e+01, 0., -1.86446495e+01,
    3.43499985e+01, 0., -1.84431705e+01, 3.43800011e+01, 0.,
    -1.82761707e+01, 3.44099998e+01, 0., -1.80848503e+01, 3.44399986e+01,
    0., -1.79527702e+01, 3.44700012e+01, 0., -1.78206902e+01,
    3.45000000e+01, 0., -1.76633091e+01, 3.45299988e+01, 0.,
    -1.75389500e+01, 3.45600014e+01, 0., -1.73846493e+01, 3.45900002e+01,
    0., -1.72626495e+01, 3.46199989e+01, 0., -1.71406498e+01,
    3.46500015e+01, 0., -1.69744492e+01, 3.46800003e+01, 0.,
    -1.68387699e+01, 3.47099991e+01, 0., -1.66987896e+01, 3.47400017e+01,
    0., -1.66026306e+01, 3.47700005e+01, 0., -1.64812603e+01,
    3.47999992e+01, 0., -1.63829403e+01, 3.48300018e+01, 0.,
    -1.62603493e+01, 3.48600006e+01, 0., -1.61633492e+01, 3.48899994e+01,
    0., -1.60663509e+01, 3.49199982e+01, 0., -1.59323797e+01,
    3.49500008e+01, 0., -1.58227396e+01, 3.49799995e+01, 0.,
    -1.56852198e+01, 3.50099983e+01, 0., -1.55749798e+01, 3.50400009e+01,
    0., -1.54604397e+01, 3.50699997e+01, 0., -1.53967600e+01,
    3.50999985e+01, 0., -1.52964296e+01, 3.51300011e+01, 0.,
    -1.51913500e+01, 3.51599998e+01, 0., -1.50602503e+01, 3.51899986e+01,
    0., -1.49563704e+01, 3.52200012e+01, 0., -1.48305798e+01,
    3.52500000e+01, 0., -1.47429399e+01, 3.52799988e+01, 0.,
    -1.46553001e+01, 3.53100014e+01, 0., -1.45546303e+01, 3.53400002e+01,
    0., -1.44759502e+01, 3.53699989e+01, 0., -1.43764696e+01,
    3.54000015e+01, 0., -1.42967100e+01, 3.54300003e+01, 0.,
    -1.41807203e+01, 3.54599991e+01, 0., -1.40846796e+01, 3.54900017e+01,
    0., -1.39831305e+01, 3.55200005e+01, 0., -1.39056501e+01,
    3.55499992e+01, 0., -1.38021498e+01, 3.55800018e+01, 0.,
    -1.37180700e+01, 3.56100006e+01, 0., -1.36234703e+01, 3.56399994e+01,
    0., -1.35533895e+01, 3.56699982e+01, 0., -1.34607897e+01,
    3.57000008e+01, 0., -1.33857098e+01, 3.57299995e+01, 0.,
    -1.32966995e+01, 3.57599983e+01, 0., -1.32264996e+01, 3.57900009e+01,
    0., -1.31327801e+01, 3.58199997e+01, 0., -1.30566196e+01,
    3.58499985e+01, 0., -1.29668903e+01, 3.58800011e+01, 0.,
    -1.28962498e+01, 3.59099998e+01, 0., -1.27914696e+01, 3.59399986e+01,
    0., -1.27043896e+01, 3.59700012e+01, 0., -1.26237602e+01, 36., 0.,
    -1.25649595e+01, 3.60299988e+01, 0., -1.24876299e+01, 3.60600014e+01,
    0., -1.24250298e+01, 3.60900002e+01, 0., -1.23472099e+01,
    3.61199989e+01, 0., -1.22643995e+01, 3.61500015e+01, 0.,
    -1.21818399e+01, 3.61800003e+01, 0., -1.20852499e+01, 3.62099991e+01,
    0., -1.20293703e+01, 3.62400017e+01, 0., -1.19536600e+01,
    3.62700005e+01, 0., -1.18744202e+01, 3.62999992e+01, 0.,
    -1.17792702e+01, 3.63300018e+01, 0., -1.17157898e+01, 3.63600006e+01,
    0., -1.16407204e+01, 3.63899994e+01, 0., -1.15859203e+01,
    3.64199982e+01, 0., -1.15126400e+01, 3.64500008e+01, 0.,
    -1.14484396e+01, 3.64799995e+01, 0., -1.13770304e+01, 3.65099983e+01,
    0., -1.13246298e+01, 3.65400009e+01, 0., -1.12470798e+01,
    3.65699997e+01, 0., -1.11786804e+01, 3.65999985e+01, 0.,
    -1.10926600e+01, 3.66300011e+01, 0., -1.10235796e+01, 3.66599998e+01,
    0., -1.09563198e+01, 3.66899986e+01, 0., -1.09063997e+01,
    3.67200012e+01, 0., -1.08288403e+01, 3.67500000e+01, 0.,
    -1.07493200e+01, 3.67799988e+01, 0., -1.06915998e+01, 3.68100014e+01,
    0., -1.06227999e+01, 3.68400002e+01, 0., -1.05718803e+01,
    3.68699989e+01, 0., -1.04956703e+01, 3.69000015e+01, 0.,
    -1.04196701e+01, 3.69300003e+01, 0., -1.03417501e+01, 3.69599991e+01,
    0., -1.03000298e+01, 3.69900017e+01, 0., -1.02231197e+01,
    3.70200005e+01, 0., -1.01484404e+01, 3.70499992e+01, 0.,
    -1.00820303e+01, 3.70800018e+01, 0., -1.00343504e+01, 3.71100006e+01,
    0., -9.96969032e+00, 3.71399994e+01, 0., -9.90291977e+00,
    3.71699982e+01, 0., -9.84687996e+00, 3.72000008e+01, 0.,
    -9.77991009e+00, 3.72299995e+01, 0., -9.73015022e+00, 3.72599983e+01,
    0., -9.66462994e+00, 3.72900009e+01, 0., -9.60830975e+00,
    3.73199997e+01, 0., -9.53948021e+00, 3.73499985e+01, 0.,
    -9.48532009e+00, 3.73800011e+01, 0., -9.41724968e+00, 3.74099998e+01,
    0., -9.35118008e+00, 3.74399986e+01, 0., -9.30502033e+00,
    3.74700012e+01, 0., -9.24563980e+00, 3.75000000e+01, 0.,
    -9.19291973e+00, 3.75299988e+01, 0., -9.12786961e+00, 3.75600014e+01,
    0., -9.07691002e+00, 3.75900002e+01, 0., -9.01037025e+00,
    3.76199989e+01, 0., -8.95569038e+00, 3.76500015e+01, 0.,
    -8.88570976e+00, 3.76800003e+01, 0., -8.81787014e+00, 3.77099991e+01,
    0., -8.77167034e+00, 3.77400017e+01, 0., -8.71329021e+00,
    3.77700005e+01, 0., -8.66473007e+00, 3.77999992e+01, 0.,
    -8.60004044e+00, 3.78300018e+01, 0., -8.54360008e+00, 3.78600006e+01,
    0., -8.49775982e+00, 3.78899994e+01, 0., -8.47436047e+00,
    3.79199982e+01, 0., -8.41501045e+00, 3.79500008e+01, 0.,
    -8.34850979e+00, 3.79799995e+01, 0., -8.29638958e+00, 3.80099983e+01,
    0., -8.23225975e+00, 3.80400009e+01, 0., -8.18225956e+00,
    3.80699997e+01, 0., -8.12479973e+00, 3.80999985e+01, 0.,
    -8.08152008e+00, 3.81300011e+01, 0., -8.01828957e+00, 3.81599998e+01,
    0., -7.95452976e+00, 3.81899986e+01, 0., -7.90913010e+00,
    3.82200012e+01, 0., -7.85123014e+00, 3.82500000e+01, 0.,
    -7.80143023e+00, 3.82799988e+01, 0., -7.74688005e+00, 3.83100014e+01,
    0., -7.71248007e+00, 3.83400002e+01, 0., -7.66759014e+00,
    3.83699989e+01, 0., -7.61716986e+00, 3.84000015e+01, 0.,
    -7.56333017e+00, 3.84300003e+01, 0., -7.50032997e+00, 3.84599991e+01,
    0., -7.45521021e+00, 3.84900017e+01, 0., -7.39649010e+00,
    3.85200005e+01, 0., -7.34833002e+00, 3.85499992e+01, 0.,
    -7.28981018e+00, 3.85800018e+01, 0., -7.24392986e+00, 3.86100006e+01,
    0., -7.18209982e+00, 3.86399994e+01, 0., -7.11962986e+00,
    3.86699982e+01, 0., -7.07135010e+00, 3.87000008e+01, 0.,
    -7.02121019e+00, 3.87299995e+01, 0., -6.99345016e+00, 3.87599983e+01,
    0., -6.94399977e+00, 3.87900009e+01, 0., -6.89023018e+00,
    3.88199997e+01, 0., -6.84531021e+00, 3.88499985e+01, 0.,
    -6.78726006e+00, 3.88800011e+01, 0., -6.73865986e+00, 3.89099998e+01,
    0., -6.69739008e+00, 3.89399986e+01, 0., -6.67478991e+00,
    3.89700012e+01, 0., -6.62186003e+00, 39., 0., -6.56352997e+00,
    3.90299988e+01, 0., -6.51956987e+00, 3.90600014e+01, 0.,
    -6.46435022e+00, 3.90900002e+01, 0., -6.41999006e+00, 3.91199989e+01,
    0., -6.37135983e+00, 3.91500015e+01, 0., -6.33616018e+00,
    3.91800003e+01, 0., -6.28369999e+00, 3.92099991e+01, 0.,
    -6.22981024e+00, 3.92400017e+01, 0., -6.18757010e+00, 3.92700005e+01,
    0., -6.13347006e+00, 3.92999992e+01, 0., -6.08959007e+00,
    3.93300018e+01, 0., -6.02988005e+00, 3.93600006e+01, 0.,
    -5.97631979e+00, 3.93899994e+01, 0., -5.95716000e+00, 3.94199982e+01,
    0., -5.91905022e+00, 3.94500008e+01, 0., -5.87161016e+00,
    3.94799995e+01, 0., -5.81323004e+00, 3.95099983e+01, 0.,
    -5.76706982e+00, 3.95400009e+01, 0., -5.73689985e+00, 3.95699997e+01,
    0., -5.70112991e+00, 3.95999985e+01, 0., -5.65748978e+00,
    3.96300011e+01, 0., -5.60118008e+00, 3.96599998e+01, 0.,
    -5.55522013e+00, 3.96899986e+01, 0., -5.49983978e+00, 3.97200012e+01,
    0., -5.45021009e+00, 3.97500000e+01, 0., -5.42705011e+00,
    3.97799988e+01, 0., -5.38388014e+00, 3.98100014e+01, 0.,
    -5.34180021e+00, 3.98400002e+01, 0., -5.28845978e+00, 3.98699989e+01,
    0., -5.23766994e+00, 3.99000015e+01, 0., -5.20570993e+00,
    3.99300003e+01, 0., -5.16380978e+00, 3.99599991e+01, 0.,
    -5.12797022e+00, 3.99900017e+01, 0., -5.07711983e+00, 4.00200005e+01,
    0., -5.03032017e+00, 4.00499992e+01, 0., -5.01056004e+00,
    4.00800018e+01, 0., -4.97396994e+00, 4.01100006e+01, 0.,
