%YAML:1.0
---
scan_line: [ 2.17500000e+01, 0., -1.74393597e+01, 2.17800007e+01, 0.,
    -1.73158798e+01, 2.18099995e+01, 0., -1.71924000e+01, 2.18400002e+01,
    0., -1.70689201e+01, 2.18700008e+01, 0., -1.69080009e+01,
    2.18999996e+01, 0., -1.67757607e+01, 2.19300003e+01, 0.,
    -1.66435204e+01, 2.19599991e+01, 0., -1.65112801e+01, 2.19899998e+01,
    0., -1.63663692e+01, 2.20200005e+01, 0., -1.62614498e+01,
    2.20499992e+01, 0., -1.61565304e+01, 2.20799999e+01, 0.,
    -1.60243797e+01, 2.21100006e+01, 0., -1.59174995e+01, 2.21399994e+01,
    0., -1.58106203e+01, 2.21700001e+01, 0., -1.56715002e+01,
    2.22000008e+01, 0., -1.55537395e+01, 2.22299995e+01, 0.,
    -1.54359798e+01, 2.22600002e+01, 0., -1.53182201e+01, 2.22900009e+01,
    0., -1.52037296e+01, 2.23199997e+01, 0., -1.51187696e+01,
    2.23500004e+01, 0., -1.50091600e+01, 2.23799992e+01, 0.,
    -1.49108400e+01, 2.24099998e+01, 0., -1.48125200e+01, 2.24400005e+01,
    0., -1.47142000e+01, 2.24699993e+01, 0., -1.45917797e+01,
    2.25000000e+01, 0., -1.44939404e+01, 2.25300007e+01, 0.,
    -1.43961000e+01, 2.25599995e+01, 0., -1.42865200e+01, 2.25900002e+01,
    0., -1.42014799e+01, 2.26200008e+01, 0., -1.40900402e+01,
    2.26499996e+01, 0., -1.39848404e+01, 2.26800003e+01, 0.,
    -1.38796396e+01, 2.27099991e+01, 0., -1.37608204e+01, 2.27399998e+01,
    0., -1.36811399e+01, 2.27700005e+01, 0., -1.36014605e+01,
    2.27999992e+01, 0., -1.35020504e+01, 2.28299999e+01, 0.,
    -1.34226503e+01, 2.28600006e+01, 0., -1.33232899e+01, 2.28899994e+01,
    0., -1.32436104e+01, 2.29200001e+01, 0., -1.31639299e+01,
    2.29500008e+01, 0., -1.30635796e+01, 2.29799995e+01, 0.,
    -1.29825401e+01, 2.30100002e+01, 0., -1.29014997e+01, 2.30400009e+01,
    0., -1.27974396e+01, 2.30699997e+01, 0., -1.27137203e+01,
    2.31000004e+01, 0., -1.26144600e+01, 2.31299992e+01, 0.,
    -1.25417004e+01, 2.31599998e+01, 0., -1.24689398e+01, 2.31900005e+01,
    0., -1.23718004e+01, 2.32199993e+01, 0., -1.22908401e+01,
    2.32500000e+01, 0., -1.21915197e+01, 2.32800007e+01, 0.,
    -1.21183596e+01, 2.33099995e+01, 0., -1.20452003e+01, 2.33400002e+01,
    0., -1.19498701e+01, 2.33700008e+01, 0., -1.18715496e+01,
    2.33999996e+01, 0., -1.17790804e+01, 2.34300003e+01, 0.,
    -1.17227602e+01, 2.34599991e+01, 0., -1.16664400e+01, 2.34899998e+01,
    0., -1.15741100e+01, 2.35200005e+01, 0., -1.14959497e+01,
    2.35499992e+01, 0., -1.13970604e+01, 2.35799999e+01, 0.,
    -1.13166599e+01, 2.36100006e+01, 0., -1.12226801e+01, 2.36399994e+01,
    0., -1.11686001e+01, 2.36700001e+01, 0., -1.11145201e+01,
    2.37000008e+01, 0., -1.10255203e+01, 2.37299995e+01, 0.,
    -1.09501200e+01, 2.37600002e+01, 0., -1.08685102e+01, 2.37900009e+01,
    0., -1.08183899e+01, 2.38199997e+01, 0., -1.07475004e+01,
    2.38500004e+01, 0., -1.06646605e+01, 2.38799992e+01, 0.,
    -1.05818195e+01, 2.39099998e+01, 0., -1.05129299e+01, 2.39400005e+01,
    0., -1.04648104e+01, 2.39699993e+01, 0., -1.03854103e+01, 24., 0.,
    -1.03117304e+01, 2.40300007e+01, 0., -1.02243500e+01, 2.40599995e+01,
    0., -1.01695499e+01, 2.40900002e+01, 0., -1.00992098e+01,
    2.41200008e+01, 0., -1.00370502e+01, 2.41499996e+01, 0.,
    -9.97488976e+00, 2.41800003e+01, 0., -9.89521027e+00, 2.42099991e+01,
    0., -9.83113003e+00, 2.42399998e+01, 0., -9.75041008e+00,
    2.42700005e+01, 0., -9.68560982e+00, 2.42999992e+01, 0.,
    -9.61353016e+00, 2.43299999e+01, 0., -9.56665039e+00, 2.43600006e+01,
    0., -9.50358963e+00, 2.43899994e+01, 0., -9.43922997e+00,
    2.44200001e+01, 0., -9.37487030e+00, 2.44500008e+01, 0.,
    -9.29749012e+00, 2.44799995e+01, 0., -9.23624992e+00, 2.45100002e+01,
    0., -9.16244984e+00, 2.45400009e+01, 0., -9.10488987e+00,
    2.45699997e+01, 0., -9.03435040e+00, 2.46000004e+01, 0.,
    -8.97871017e+00, 2.46299992e+01, 0., -8.91127968e+00, 2.46599998e+01,
    0., -8.85999966e+00, 2.46900005e+01, 0., -8.78989983e+00,
    2.47199993e+01, 0., -8.72669983e+00, 2.47500000e+01, 0.,
    -8.65087032e+00, 2.47800007e+01, 0., -8.60042953e+00, 2.48099995e+01,
    0., -8.53553963e+00, 2.48400002e+01, 0., -8.47789955e+00,
    2.48700008e+01, 0., -8.42026043e+00, 2.48999996e+01, 0.,
    -8.35587978e+00, 2.49300003e+01, 0., -8.30599976e+00, 2.49599991e+01,
    0., -8.24100018e+00, 2.49899998e+01, 0., -8.18848038e+00,
    2.50200005e+01, 0., -8.12520027e+00, 2.50499992e+01, 0.,
    -8.07584000e+00, 2.50799999e+01, 0., -8.00576019e+00, 2.51100006e+01,
    0., -7.94532013e+00, 2.51399994e+01, 0., -7.87330008e+00,
    2.51700001e+01, 0., -7.81758022e+00, 2.52000008e+01, 0.,
    -7.75283003e+00, 2.52299995e+01, 0., -7.70695019e+00, 2.52600002e+01,
    0., -7.64315987e+00, 2.52900009e+01, 0., -7.58444023e+00,
    2.53199997e+01, 0., -7.51821995e+00, 2.53500004e+01, 0.,
    -7.47393990e+00, 2.53799992e+01, 0., -7.41663980e+00, 2.54099998e+01,
    0., -7.36855984e+00, 2.54400005e+01, 0., -7.30830002e+00,
    2.54699993e+01, 0., -7.25973988e+00, 2.55000000e+01, 0.,
    -7.19872999e+00, 2.55300007e+01, 0., -7.14912987e+00, 2.55599995e+01,
    0., -7.08867979e+00, 2.55900002e+01, 0., -7.04540014e+00,
    2.56200008e+01, 0., -6.98841000e+00, 2.56499996e+01, 0.,
    -6.93381023e+00, 2.56800003e+01, 0., -6.86915016e+00, 2.57099991e+01,
    0., -6.82890987e+00, 2.57399998e+01, 0., -6.77072001e+00,
    2.57700005e+01, 0., -6.69912004e+00, 2.57999992e+01, 0.,
    -6.62042999e+00, 2.58299999e+01, 0., -6.59230995e+00, 2.58600006e+01,
    0., -6.55270004e+00, 2.58899994e+01, 0., -6.50674009e+00,
    2.59200001e+01, 0., -6.44970989e+00, 2.59500008e+01, 0.,
    -6.40559006e+00, 2.59799995e+01, 0., -6.34659004e+00, 2.60100002e+01,
    0., -6.28718996e+00, 2.60400009e+01, 0., -6.21940994e+00,
    2.60699997e+01, 0., -6.18589020e+00, 2.61000004e+01, 0.,
    -6.13992977e+00, 2.61299992e+01, 0., -6.09044981e+00, 2.61599998e+01,
    0., -6.02816010e+00, 2.61900005e+01, 0., -5.97703981e+00,
    2.62199993e+01, 0., -5.91962004e+00, 2.62500000e+01, 0.,
    -5.88149977e+00, 2.62800007e+01, 0., -5.83109999e+00, 2.63099995e+01,
    0., -5.78758001e+00, 2.63400002e+01, 0., -5.73156977e+00,
    2.63700008e+01, 0., -5.68485022e+00, 2.63999996e+01, 0.,
    -5.62918997e+00, 2.64300003e+01, 0., -5.58795023e+00, 2.64599991e+01,
    0., -5.53120995e+00, 2.64899998e+01, 0., -5.47960997e+00,
    2.65200005e+01, 0., -5.42157984e+00, 2.65499992e+01, 0.,
    -5.37866020e+00, 2.65799999e+01, 0., -5.32876015e+00, 2.66100006e+01,
    0., -5.29091978e+00, 2.66399994e+01, 0., -5.23947001e+00,
    2.66700001e+01, 0., -5.19614983e+00, 2.67000008e+01, 0.,
    -5.13781023e+00, 2.67299995e+01, 0., -5.09033012e+00, 2.67600002e+01,
    0., -5.04611015e+00, 2.67900009e+01, 0., -5.01379013e+00,
    2.68199997e+01, 0., -4.96079016e+00, 2.68500004e+01, 0.,
    -4.90667009e+00, 2.68799992e+01, 0., -4.86970997e+00, 2.69099998e+01,
    0., -4.82080984e+00, 2.69400005e+01, 0., -4.77312994e+00,
    2.69699993e+01, 0., -4.71503019e+00, 27., 0., -4.67347002e+00,
    2.70300007e+01, 0., -4.61971998e+00, 2.70599995e+01, 0.,
    -4.57100010e+00, 2.70900002e+01, 0., -4.52214003e+00, 2.71200008e+01,
    0., -4.49762011e+00, 2.71499996e+01, 0., -4.45636988e+00,
    2.71800003e+01, 0., -4.41772985e+00, 2.72099991e+01, 0.,
    -4.36678982e+00, 2.72399998e+01, 0., -4.32462978e+00, 2.72700005e+01,
    0., -4.26889992e+00, 2.72999992e+01, 0., -4.22274017e+00,
    2.73299999e+01, 0., -4.17048979e+00, 2.73600006e+01, 0.,
    -4.12984991e+00, 2.73899994e+01, 0., -4.08483982e+00, 2.74200001e+01,
    0., -4.04145002e+00, 2.74500008e+01, 0., -4.00728989e+00,
    2.74799995e+01, 0., -3.96216011e+00, 2.75100002e+01, 0.,
    -3.91856003e+00, 2.75400009e+01, 0., -3.86791992e+00, 2.75699997e+01,
    0., -3.83207989e+00, 2.76000004e+01, 0., -3.78740001e+00,
    2.76299992e+01, 0., -3.75191998e+00, 2.76599998e+01, 0.,
    -3.70664001e+00, 2.76900005e+01, 0., -3.67000008e+00, 2.77199993e+01,
    0., -3.62366009e+00, 2.77500000e+01, 0., -3.58653998e+00,
    2.77800007e+01, 0., -3.53507996e+00, 2.78099995e+01, 0.,
