%YAML:1.0
---
scan_line: [ 1.31099997e+01, 0., -1.20264997e+01, 1.31400003e+01, 0.,
    -1.19615803e+01, 1.31999998e+01, 0., -1.17568998e+01, 1.32299995e+01,
    0., -1.16451397e+01, 1.32600002e+01, 0., -1.15333796e+01,
    1.33199997e+01, 0., -1.12869797e+01, 1.33500004e+01, 0.,
    -1.11957397e+01, 1.33800001e+01, 0., -1.11044998e+01, 1.34099998e+01,
    0., -1.10132599e+01, 1.34399996e+01, 0., -1.08967104e+01,
    1.34700003e+01, 0., -1.07956305e+01, 1.35000000e+01, 0.,
    -1.06945496e+01, 1.35299997e+01, 0., -1.05934696e+01, 1.35600004e+01,
    0., -1.04730501e+01, 1.35900002e+01, 0., -1.03962898e+01,
    1.36199999e+01, 0., -1.03195295e+01, 1.36499996e+01, 0.,
    -1.02216101e+01, 1.36800003e+01, 0., -1.01370096e+01, 1.37100000e+01,
    0., -1.00524101e+01, 1.37399998e+01, 0., -9.96780968e+00,
    1.37700005e+01, 0., -9.86104965e+00, 1.38000002e+01, 0.,
    -9.77525043e+00, 1.38299999e+01, 0., -9.68945026e+00, 1.38599997e+01,
    0., -9.58563995e+00, 1.38900003e+01, 0., -9.51412010e+00,
    1.39200001e+01, 0., -9.44260025e+00, 1.39499998e+01, 0.,
    -9.34638977e+00, 1.39799995e+01, 0., -9.24771023e+00, 1.40100002e+01,
    0., -9.14902973e+00, 1.40400000e+01, 0., -9.05035019e+00,
    1.40699997e+01, 0., -8.94137955e+00, 1.41000004e+01, 0.,
    -8.87174034e+00, 1.41300001e+01, 0., -8.80210018e+00, 1.41599998e+01,
    0., -8.71183014e+00, 1.41899996e+01, 0., -8.63591003e+00,
    1.42200003e+01, 0., -8.55998993e+00, 1.42500000e+01, 0.,
    -8.46965981e+00, 1.42799997e+01, 0., -8.39997959e+00, 1.43100004e+01,
    0., -8.33030033e+00, 1.43400002e+01, 0., -8.23023033e+00,
    1.43699999e+01, 0., -8.14330959e+00, 1.43999996e+01, 0.,
    -8.05638981e+00, 1.44300003e+01, 0., -7.95269012e+00, 1.44600000e+01,
    0., -7.88597012e+00, 1.44899998e+01, 0., -7.81925011e+00,
    1.45200005e+01, 0., -7.73586988e+00, 1.45500002e+01, 0.,
    -7.66931009e+00, 1.45799999e+01, 0., -7.60274982e+00, 1.46099997e+01,
    0., -7.52168989e+00, 1.46400003e+01, 0., -7.45801020e+00,
    1.46700001e+01, 0., -7.37579012e+00, 1.46999998e+01, 0.,
    -7.30182981e+00, 1.47299995e+01, 0., -7.22786999e+00, 1.47600002e+01,
    0., -7.14097977e+00, 1.47900000e+01, 0., -7.08926010e+00,
    1.48199997e+01, 0., -7.03753996e+00, 1.48500004e+01, 0.,
    -6.95764017e+00, 1.48800001e+01, 0., -6.88560009e+00, 1.49099998e+01,
    0., -6.79742002e+00, 1.49399996e+01, 0., -6.73305988e+00,
    1.49700003e+01, 0., -6.66870022e+00, 15., 0., -6.58649015e+00,
    1.50299997e+01, 0., -6.51540995e+00, 1.50600004e+01, 0.,
    -6.44433022e+00, 1.50900002e+01, 0., -6.37232018e+00, 1.51199999e+01,
    0., -6.32376003e+00, 1.51499996e+01, 0., -6.25732994e+00,
    1.51800003e+01, 0., -6.18608999e+00, 1.52100000e+01, 0.,
    -6.11485004e+00, 1.52399998e+01, 0., -6.03172016e+00, 1.52700005e+01,
    0., -5.96848011e+00, 1.53000002e+01, 0., -5.90524006e+00,
    1.53299999e+01, 0., -5.83829021e+00, 1.53599997e+01, 0.,
    -5.78716993e+00, 1.53900003e+01, 0., -5.71446991e+00, 1.54200001e+01,
    0., -5.65162992e+00, 1.54499998e+01, 0., -5.58878994e+00,
    1.54799995e+01, 0., -5.52294016e+00, 1.55100002e+01, 0.,
    -5.47281981e+00, 1.55400000e+01, 0., -5.40032005e+00, 1.55699997e+01,
    0., -5.33708000e+00, 1.56000004e+01, 0., -5.27383995e+00,
    1.56300001e+01, 0., -5.20917988e+00, 1.56599998e+01, 0.,
    -5.16037989e+00, 1.56899996e+01, 0., -5.10027981e+00, 1.57200003e+01,
    0., -5.05280018e+00, 1.57500000e+01, 0., -4.98360014e+00,
    1.57799997e+01, 0., -4.91652012e+00, 1.58100004e+01, 0.,
    -4.84944010e+00, 1.58400002e+01, 0., -4.76490021e+00, 1.58699999e+01,
    0., -4.69714022e+00, 1.58999996e+01, 0., -4.62286997e+00,
    1.59300003e+01, 0., -4.57602978e+00, 1.59600000e+01, 0.,
    -4.51774979e+00, 1.59899998e+01, 0., -4.47199011e+00, 1.60200005e+01,
    0., -4.42622995e+00, 1.60499992e+01, 0., -4.37161016e+00,
    1.60799999e+01, 0., -4.32848978e+00, 1.61100006e+01, 0.,
    -4.27264023e+00, 1.61399994e+01, 0., -4.22700024e+00, 1.61700001e+01,
    0., -4.16002989e+00, 1.62000008e+01, 0., -4.09466982e+00,
    1.62299995e+01, 0., -4.02931023e+00, 1.62600002e+01, 0.,
    -3.96551991e+00, 1.62900009e+01, 0., -3.91808009e+00, 1.63199997e+01,
    0., -3.86194992e+00, 1.63500004e+01, 0., -3.81874990e+00,
    1.63799992e+01, 0., -3.75748992e+00, 1.64099998e+01, 0.,
    -3.69981003e+00, 1.64400005e+01, 0., -3.63143992e+00, 1.64699993e+01,
    0., -3.58879995e+00, 1.65000000e+01, 0., -3.54615998e+00,
    1.65300007e+01, 0., -3.48812008e+00, 1.65599995e+01, 0.,
    -3.44079995e+00, 1.65900002e+01, 0., -3.37668991e+00, 1.66200008e+01,
    0., -3.32445002e+00, 1.66499996e+01, 0., -3.25678992e+00,
    1.66800003e+01, 0., -3.20003009e+00, 1.67099991e+01, 0.,
    -3.13266993e+00, 1.67399998e+01, 0., -3.09054995e+00, 1.67700005e+01,
    0., -3.04842997e+00, 1.67999992e+01, 0., -2.99075007e+00,
    1.68299999e+01, 0., -2.94367003e+00, 1.68600006e+01, 0.,
    -2.88810992e+00, 1.68899994e+01, 0., -2.84438992e+00, 1.69200001e+01,
    0., -2.78116012e+00, 1.69500008e+01, 0., -2.72607994e+00,
    1.69799995e+01, 0., -2.66293001e+00, 1.70100002e+01, 0.,
    -2.61929011e+00, 1.70400009e+01, 0., -2.56619000e+00, 1.70699997e+01,
    0., -2.52858996e+00, 1.71000004e+01, 0., -2.47702003e+00,
    1.71299992e+01, 0., -2.42118001e+00, 1.71599998e+01, 0.,
    -2.36533999e+00, 1.71900005e+01, 0., -2.31596994e+00, 1.72199993e+01,
    0., -2.28057003e+00, 1.72500000e+01, 0., -2.21881008e+00,
    1.72800007e+01, 0., -2.16593003e+00, 1.73099995e+01, 0.,
    -2.11529994e+00, 1.73400002e+01, 0., -2.08310008e+00, 1.73700008e+01,
    0., -2.03231001e+00, 1.73999996e+01, 0., -1.98610997e+00,
    1.74300003e+01, 0., -1.92902005e+00, 1.74599991e+01, 0.,
    -1.88429999e+00, 1.74899998e+01, 0., -1.82910001e+00, 1.75200005e+01,
    0., -1.78582001e+00, 1.75499992e+01, 0., -1.73219001e+00,
    1.75799999e+01, 0., -1.68999004e+00, 1.76100006e+01, 0.,
    -1.63944995e+00, 1.76399994e+01, 0., -1.60180998e+00, 1.76700001e+01,
    0., -1.55210996e+00, 1.77000008e+01, 0., -1.50410998e+00,
    1.77299995e+01, 0., -1.44376004e+00, 1.77600002e+01, 0.,
    -1.39468002e+00, 1.77900009e+01, 0., -1.34560001e+00, 1.78199997e+01,
    0., -1.29993999e+00, 1.78500004e+01, 0., -1.26657999e+00,
    1.78799992e+01, 0., -1.21937001e+00, 1.79099998e+01, 0.,
    -1.18052995e+00, 1.79400005e+01, 0., -1.12272000e+00, 1.79699993e+01,
    0., -1.07464004e+00, 18., 0., -1.02525997e+00, 1.80300007e+01, 0.,
    -9.87940013e-01, 1.80599995e+01, 0., -9.36380029e-01, 1.80900002e+01,
    0., -8.92539978e-01, 1.81200008e+01, 0., -8.42149973e-01,
    1.81499996e+01, 0., -8.04189980e-01, 1.81800003e+01, 0.,
    -7.49809980e-01, 1.82099991e+01, 0., -7.02610016e-01, 1.82399998e+01,
    0., -6.65260017e-01, 1.82700005e+01, 0., -6.46979988e-01,
    1.82999992e+01, 0., -5.85420012e-01, 1.83299999e+01, 0.,
    -5.28460026e-01, 1.83600006e+01, 0., -4.83209997e-01, 1.83899994e+01,
    0., -4.60850000e-01, 1.84200001e+01, 0., -4.18709993e-01,
    1.84500008e+01, 0., -3.77510011e-01, 1.84799995e+01, 0.,
    -3.28070015e-01, 1.85100002e+01, 0., -2.89669991e-01, 1.85400009e+01,
    0., -2.41080001e-01, 1.85699997e+01, 0., -2.02000007e-01,
    1.86000004e+01, 0., -1.51360005e-01, 1.86299992e+01, 0.,
    -1.09920003e-01, 1.86599998e+01, 0., -5.73799983e-02, 1.86900005e+01,
    0., -1.49800004e-02, 1.87199993e+01, 0., 3.88399996e-02,
    1.87500000e+01, 0., 8.22400004e-02, 1.87800007e+01, 0.,
    1.24200001e-01, 1.88099995e+01, 0., 1.51199996e-01, 1.88400002e+01,
    0., 1.95390001e-01, 1.88700008e+01, 0., 2.36269996e-01,
    1.88999996e+01, 0., 2.80930012e-01, 1.89300003e+01, 0.,
    3.13169986e-01, 1.89599991e+01, 0., 3.59719992e-01, 1.89899998e+01,
    0., 3.98200005e-01, 1.90200005e+01, 0., 4.46969986e-01,
    1.90499992e+01, 0., 4.86090004e-01, 1.90799999e+01, 0.,
    5.34609973e-01, 1.91100006e+01, 0., 5.73329985e-01, 1.91399994e+01,
    0., 6.23790026e-01, 1.91700001e+01, 0., 6.64510012e-01,
    1.92000008e+01, 0., 6.98419988e-01, 1.92299995e+01, 0.,
