%YAML:1.0
---
scan_line: [ 2.11800003e+01, 0., -1.79169102e+01, 2.12099991e+01, 0.,
    -1.77773895e+01, 2.12399998e+01, 0., -1.76378708e+01, 2.12700005e+01,
    0., -1.74983501e+01, 2.12999992e+01, 0., -1.73369694e+01,
    2.13299999e+01, 0., -1.72501297e+01, 2.13600006e+01, 0.,
    -1.71632900e+01, 2.13899994e+01, 0., -1.70360909e+01, 2.14200001e+01,
    0., -1.69121704e+01, 2.14500008e+01, 0., -1.67882500e+01,
    2.14799995e+01, 0., -1.66643295e+01, 2.15100002e+01, 0.,
    -1.65151291e+01, 2.15400009e+01, 0., -1.64140091e+01, 2.15699997e+01,
    0., -1.63128891e+01, 2.16000004e+01, 0., -1.62117691e+01,
    2.16299992e+01, 0., -1.60652695e+01, 2.16599998e+01, 0.,
    -1.59440699e+01, 2.16900005e+01, 0., -1.58228703e+01, 2.17199993e+01,
    0., -1.56807098e+01, 2.17500000e+01, 0., -1.55784302e+01,
    2.17800007e+01, 0., -1.54761496e+01, 2.18099995e+01, 0.,
    -1.53488903e+01, 2.18400002e+01, 0., -1.52478905e+01, 2.18700008e+01,
    0., -1.51468897e+01, 2.18999996e+01, 0., -1.50257397e+01,
    2.19300003e+01, 0., -1.49455004e+01, 2.19599991e+01, 0.,
    -1.48652601e+01, 2.19899998e+01, 0., -1.47545605e+01, 2.20200005e+01,
    0., -1.46536398e+01, 2.20499992e+01, 0., -1.45527201e+01,
    2.20799999e+01, 0., -1.44366102e+01, 2.21100006e+01, 0.,
    -1.43559303e+01, 2.21399994e+01, 0., -1.42752504e+01, 2.21700001e+01,
    0., -1.41696100e+01, 2.22000008e+01, 0., -1.40826902e+01,
    2.22299995e+01, 0., -1.39720297e+01, 2.22600002e+01, 0.,
    -1.38771896e+01, 2.22900009e+01, 0., -1.37823496e+01, 2.23199997e+01,
    0., -1.36679602e+01, 2.23500004e+01, 0., -1.35901203e+01,
    2.23799992e+01, 0., -1.35122805e+01, 2.24099998e+01, 0.,
    -1.34120798e+01, 2.24400005e+01, 0., -1.33285599e+01, 2.24699993e+01,
    0., -1.32450399e+01, 2.25000000e+01, 0., -1.31496601e+01,
    2.25300007e+01, 0., -1.30752201e+01, 2.25599995e+01, 0.,
    -1.29806900e+01, 2.25900002e+01, 0., -1.29005699e+01, 2.26200008e+01,
    0., -1.28204498e+01, 2.26499996e+01, 0., -1.27211800e+01,
    2.26800003e+01, 0., -1.26422596e+01, 2.27099991e+01, 0.,
    -1.25433903e+01, 2.27399998e+01, 0., -1.24638300e+01, 2.27700005e+01,
    0., -1.23842697e+01, 2.27999992e+01, 0., -1.22895603e+01,
    2.28299999e+01, 0., -1.22163601e+01, 2.28600006e+01, 0.,
    -1.21431599e+01, 2.28899994e+01, 0., -1.20643501e+01, 2.29200001e+01,
    0., -1.20039101e+01, 2.29500008e+01, 0., -1.19139099e+01,
    2.29799995e+01, 0., -1.18390703e+01, 2.30100002e+01, 0.,
    -1.17546797e+01, 2.30400009e+01, 0., -1.16983604e+01, 2.30699997e+01,
    0., -1.16235504e+01, 2.31000004e+01, 0., -1.15497904e+01,
    2.31299992e+01, 0., -1.14760303e+01, 2.31599998e+01, 0.,
    -1.13838701e+01, 2.31900005e+01, 0., -1.13101902e+01, 2.32199993e+01,
    0., -1.12230597e+01, 2.32500000e+01, 0., -1.11693802e+01,
    2.32800007e+01, 0., -1.11156998e+01, 2.33099995e+01, 0.,
    -1.10287600e+01, 2.33400002e+01, 0., -1.09553204e+01, 2.33700008e+01,
    0., -1.08717604e+01, 2.33999996e+01, 0., -1.08149595e+01,
    2.34300003e+01, 0., -1.07394800e+01, 2.34599991e+01, 0.,
    -1.06737604e+01, 2.34899998e+01, 0., -1.05935402e+01, 2.35200005e+01,
    0., -1.05357800e+01, 2.35499992e+01, 0., -1.04780197e+01,
    2.35799999e+01, 0., -1.04015799e+01, 2.36100006e+01, 0.,
    -1.03381796e+01, 2.36399994e+01, 0., -1.02628098e+01, 2.36700001e+01,
    0., -1.02073298e+01, 2.37000008e+01, 0., -1.01307297e+01,
    2.37299995e+01, 0., -1.00608902e+01, 2.37600002e+01, 0.,
    -9.99104977e+00, 2.37900009e+01, 0., -9.91184044e+00, 2.38199997e+01,
    0., -9.85011959e+00, 2.38500004e+01, 0., -9.78890991e+00,
    2.38799992e+01, 0., -9.74855042e+00, 2.39099998e+01, 0.,
    -9.68080044e+00, 2.39400005e+01, 0., -9.61740017e+00, 2.39699993e+01,
    0., -9.54032993e+00, 24., 0., -9.48141003e+00, 2.40300007e+01, 0.,
    -9.40666962e+00, 2.40599995e+01, 0., -9.34375000e+00, 2.40900002e+01,
    0., -9.26747036e+00, 2.41200008e+01, 0., -9.21407032e+00,
    2.41499996e+01, 0., -9.16067028e+00, 2.41800003e+01, 0.,
    -9.09696007e+00, 2.42099991e+01, 0., -9.04668045e+00, 2.42399998e+01,
    0., -8.97603035e+00, 2.42700005e+01, 0., -8.91802979e+00,
    2.42999992e+01, 0., -8.84681034e+00, 2.43299999e+01, 0.,
    -8.79053020e+00, 2.43600006e+01, 0., -8.71947956e+00, 2.43899994e+01,
    0., -8.66195965e+00, 2.44200001e+01, 0., -8.59646988e+00,
    2.44500008e+01, 0., -8.55183029e+00, 2.44799995e+01, 0.,
    -8.49444008e+00, 2.45100002e+01, 0., -8.44375992e+00, 2.45400009e+01,
    0., -8.37985039e+00, 2.45699997e+01, 0., -8.32701015e+00,
    2.46000004e+01, 0., -8.26263046e+00, 2.46299992e+01, 0.,
    -8.21654987e+00, 2.46599998e+01, 0., -8.15810966e+00, 2.46900005e+01,
    0., -8.10898972e+00, 2.47199993e+01, 0., -8.05986977e+00,
    2.47500000e+01, 0., -7.99893999e+00, 2.47800007e+01, 0.,
    -7.95033979e+00, 2.48099995e+01, 0., -7.87172985e+00, 2.48400002e+01,
    0., -7.80532980e+00, 2.48700008e+01, 0., -7.73683977e+00,
    2.48999996e+01, 0., -7.68983984e+00, 2.49300003e+01, 0.,
    -7.62751007e+00, 2.49599991e+01, 0., -7.57578993e+00, 2.49899998e+01,
    0., -7.51358986e+00, 2.50200005e+01, 0., -7.46522999e+00,
    2.50499992e+01, 0., -7.40840006e+00, 2.50799999e+01, 0.,
    -7.36488008e+00, 2.51100006e+01, 0., -7.30612993e+00, 2.51399994e+01,
    0., -7.25681019e+00, 2.51700001e+01, 0., -7.19466019e+00,
    2.52000008e+01, 0., -7.14470005e+00, 2.52299995e+01, 0.,
    -7.08650017e+00, 2.52600002e+01, 0., -7.04226017e+00, 2.52900009e+01,
    0., -6.98708010e+00, 2.53199997e+01, 0., -6.94312000e+00,
    2.53500004e+01, 0., -6.88615990e+00, 2.53799992e+01, 0.,
    -6.83824015e+00, 2.54099998e+01, 0., -6.77829981e+00, 2.54400005e+01,
    0., -6.73042011e+00, 2.54699993e+01, 0., -6.67327976e+00,
    2.55000000e+01, 0., -6.63091993e+00, 2.55300007e+01, 0.,
    -6.57537985e+00, 2.55599995e+01, 0., -6.52793980e+00, 2.55900002e+01,
    0., -6.46932983e+00, 2.56200008e+01, 0., -6.42336988e+00,
    2.56499996e+01, 0., -6.36477995e+00, 2.56800003e+01, 0.,
    -6.31737995e+00, 2.57099991e+01, 0., -6.26087999e+00, 2.57399998e+01,
    0., -6.21716022e+00, 2.57700005e+01, 0., -6.16031981e+00,
    2.57999992e+01, 0., -6.11371994e+00, 2.58299999e+01, 0.,
    -6.05661011e+00, 2.58600006e+01, 0., -6.01152992e+00, 2.58899994e+01,
    0., -5.96876001e+00, 2.59200001e+01, 0., -5.94184017e+00,
    2.59500008e+01, 0., -5.89329004e+00, 2.59799995e+01, 0.,
    -5.85153008e+00, 2.60100002e+01, 0., -5.79534006e+00, 2.60400009e+01,
    0., -5.74961996e+00, 2.60699997e+01, 0., -5.69363022e+00,
    2.61000004e+01, 0., -5.64906979e+00, 2.61299992e+01, 0.,
    -5.59341002e+00, 2.61599998e+01, 0., -5.54893017e+00, 2.61900005e+01,
    0., -5.49436998e+00, 2.62199993e+01, 0., -5.45101023e+00,
    2.62500000e+01, 0., -5.39795017e+00, 2.62800007e+01, 0.,
    -5.34720993e+00, 2.63099995e+01, 0., -5.31333017e+00, 2.63400002e+01,
    0., -5.27092981e+00, 2.63700008e+01, 0., -5.23688984e+00,
    2.63999996e+01, 0., -5.19044018e+00, 2.64300003e+01, 0.,
    -5.14868021e+00, 2.64599991e+01, 0., -5.09349012e+00, 2.64899998e+01,
    0., -5.04577017e+00, 2.65200005e+01, 0., -4.98924017e+00,
    2.65499992e+01, 0., -4.94575977e+00, 2.65799999e+01, 0.,
    -4.89413023e+00, 2.66100006e+01, 0., -4.85429001e+00, 2.66399994e+01,
    0., -4.80710983e+00, 2.66700001e+01, 0., -4.77083015e+00,
    2.67000008e+01, 0., -4.70721006e+00, 2.67299995e+01, 0.,
    -4.65268993e+00, 2.67600002e+01, 0., -4.61570978e+00, 2.67900009e+01,
    0., -4.58252001e+00, 2.68199997e+01, 0., -4.54315996e+00,
    2.68500004e+01, 0., -4.49364996e+00, 2.68799992e+01, 0.,
    -4.45324993e+00, 2.69099998e+01, 0., -4.40426016e+00, 2.69400005e+01,
    0., -4.37005997e+00, 2.69699993e+01, 0., -4.32411003e+00, 27., 0.,
    -4.28351021e+00, 2.70300007e+01, 0., -4.23551989e+00, 2.70599995e+01,
    0., -4.20060015e+00, 2.70900002e+01, 0., -4.15473986e+00,
    2.71200008e+01, 0., -4.11694002e+00, 2.71499996e+01, 0.,
    -4.06408024e+00, 2.71800003e+01, 0., -4.01879978e+00, 2.72099991e+01,
    0., -3.98390007e+00, 2.72399998e+01, 0., -3.95024991e+00,
