%YAML:1.0
---
scan_line: [ 1.97099991e+01, 0., -1.28501101e+01, 1.97399998e+01, 0.,
    -1.27157497e+01, 1.97700005e+01, 0., -1.25813904e+01, 1.98299999e+01,
    0., -1.23009100e+01, 1.98600006e+01, 0., -1.22103100e+01,
    1.98899994e+01, 0., -1.21197100e+01, 1.99200001e+01, 0.,
    -1.19985800e+01, 1.99500008e+01, 0., -1.18924599e+01, 1.99799995e+01,
    0., -1.17863398e+01, 2.00100002e+01, 0., -1.16802197e+01,
    2.00400009e+01, 0., -1.15557699e+01, 2.00699997e+01, 0.,
    -1.14579296e+01, 2.01000004e+01, 0., -1.13600903e+01, 2.01299992e+01,
    0., -1.12262602e+01, 2.01599998e+01, 0., -1.11132202e+01,
    2.01900005e+01, 0., -1.10001802e+01, 2.02199993e+01, 0.,
    -1.08627796e+01, 2.02500000e+01, 0., -1.07658997e+01, 2.02800007e+01,
    0., -1.06690197e+01, 2.03099995e+01, 0., -1.05721397e+01,
    2.03400002e+01, 0., -1.04490700e+01, 2.03700008e+01, 0.,
    -1.03502302e+01, 2.03999996e+01, 0., -1.02513905e+01, 2.04300003e+01,
    0., -1.01312199e+01, 2.04599991e+01, 0., -1.00358601e+01,
    2.04899998e+01, 0., -9.94050026e+00, 2.05200005e+01, 0.,
    -9.82557011e+00, 2.05499992e+01, 0., -9.73456955e+00, 2.05799999e+01,
    0., -9.64356995e+00, 2.06100006e+01, 0., -9.53616047e+00,
    2.06399994e+01, 0., -9.45376015e+00, 2.06700001e+01, 0.,
    -9.35155010e+00, 2.07000008e+01, 0., -9.27250957e+00, 2.07299995e+01,
    0., -9.19347000e+00, 2.07600002e+01, 0., -9.09020996e+00,
    2.07900009e+01, 0., -9.00232983e+00, 2.08199997e+01, 0.,
    -8.91444969e+00, 2.08500004e+01, 0., -8.80786037e+00, 2.08799992e+01,
    0., -8.72653961e+00, 2.09099998e+01, 0., -8.64521980e+00,
    2.09400005e+01, 0., -8.55354023e+00, 2.09699993e+01, 0.,
    -8.48221970e+00, 21., 0., -8.39097977e+00, 2.10300007e+01, 0.,
    -8.31149960e+00, 2.10599995e+01, 0., -8.23202038e+00, 2.10900002e+01,
    0., -8.13817978e+00, 2.11200008e+01, 0., -8.06606007e+00,
    2.11499996e+01, 0., -7.99393988e+00, 2.11800003e+01, 0.,
    -7.89769983e+00, 2.12099991e+01, 0., -7.81954002e+00, 2.12399998e+01,
    0., -7.72457981e+00, 2.12700005e+01, 0., -7.65206003e+00,
    2.12999992e+01, 0., -7.57953978e+00, 2.13299999e+01, 0.,
    -7.50594997e+00, 2.13600006e+01, 0., -7.45059013e+00, 2.13899994e+01,
    0., -7.36595011e+00, 2.14200001e+01, 0., -7.29011011e+00,
    2.14500008e+01, 0., -7.19610023e+00, 2.14799995e+01, 0.,
    -7.12374020e+00, 2.15100002e+01, 0., -7.05138016e+00, 2.15400009e+01,
    0., -6.95947981e+00, 2.15699997e+01, 0., -6.88520002e+00,
    2.16000004e+01, 0., -6.79822016e+00, 2.16299992e+01, 0.,
    -6.74758005e+00, 2.16599998e+01, 0., -6.69693995e+00, 2.16900005e+01,
    0., -6.61224985e+00, 2.17199993e+01, 0., -6.54028988e+00,
    2.17500000e+01, 0., -6.45410013e+00, 2.17800007e+01, 0.,
    -6.38982010e+00, 2.18099995e+01, 0., -6.30994987e+00, 2.18400002e+01,
    0., -6.24774981e+00, 2.18700008e+01, 0., -6.18555021e+00,
    2.18999996e+01, 0., -6.09771013e+00, 2.19300003e+01, 0.,
    -6.02550983e+00, 2.19599991e+01, 0., -5.94738007e+00, 2.19899998e+01,
    0., -5.89945984e+00, 2.20200005e+01, 0., -5.83631992e+00,
    2.20499992e+01, 0., -5.77576017e+00, 2.20799999e+01, 0.,
    -5.71519995e+00, 2.21100006e+01, 0., -5.63786983e+00, 2.21399994e+01,
    0., -5.57574987e+00, 2.21700001e+01, 0., -5.49719000e+00,
    2.22000008e+01, 0., -5.43386984e+00, 2.22299995e+01, 0.,
    -5.35593987e+00, 2.22600002e+01, 0., -5.29521990e+00, 2.22900009e+01,
    0., -5.21955013e+00, 2.23199997e+01, 0., -5.15991020e+00,
    2.23500004e+01, 0., -5.10026979e+00, 2.23799992e+01, 0.,
    -5.03348017e+00, 2.24099998e+01, 0., -4.98159981e+00, 2.24400005e+01,
    0., -4.90817022e+00, 2.24699993e+01, 0., -4.84773016e+00,
    2.25000000e+01, 0., -4.77266979e+00, 2.25300007e+01, 0.,
    -4.71295023e+00, 2.25599995e+01, 0., -4.64280987e+00, 2.25900002e+01,
    0., -4.59216976e+00, 2.26200008e+01, 0., -4.52425003e+00,
    2.26499996e+01, 0., -4.46436977e+00, 2.26800003e+01, 0.,
    -4.38892984e+00, 2.27099991e+01, 0., -4.32693005e+00, 2.27399998e+01,
    0., -4.26492977e+00, 2.27700005e+01, 0., -4.21463013e+00,
    2.27999992e+01, 0., -4.18899012e+00, 2.28299999e+01, 0.,
    -4.11448002e+00, 2.28600006e+01, 0., -4.04644012e+00, 2.28899994e+01,
    0., -3.97420001e+00, 2.29200001e+01, 0., -3.92332006e+00,
    2.29500008e+01, 0., -3.86649990e+00, 2.29799995e+01, 0.,
    -3.82466006e+00, 2.30100002e+01, 0., -3.76539993e+00, 2.30400009e+01,
    0., -3.70980000e+00, 2.30699997e+01, 0., -3.64194989e+00,
    2.31000004e+01, 0., -3.58979011e+00, 2.31299992e+01, 0.,
    -3.52302003e+00, 2.31599998e+01, 0., -3.46490002e+00, 2.31900005e+01,
    0., -3.39322996e+00, 2.32199993e+01, 0., -3.33934999e+00,
    2.32500000e+01, 0., -3.27466989e+00, 2.32800007e+01, 0.,
    -3.23163009e+00, 2.33099995e+01, 0., -3.18859005e+00, 2.33400002e+01,
    0., -3.12862992e+00, 2.33700008e+01, 0., -3.07946992e+00,
    2.33999996e+01, 0., -3.01726007e+00, 2.34300003e+01, 0.,
    -2.96742010e+00, 2.34599991e+01, 0., -2.91388011e+00, 2.34899998e+01,
    0., -2.87283993e+00, 2.35200005e+01, 0., -2.80328989e+00,
    2.35499992e+01, 0., -2.74400997e+00, 2.35799999e+01, 0.,
    -2.69656992e+00, 2.36100006e+01, 0., -2.66396999e+00, 2.36399994e+01,
    0., -2.59661007e+00, 2.36700001e+01, 0., -2.53741002e+00,
    2.37000008e+01, 0., -2.47118998e+00, 2.37299995e+01, 0.,
    -2.41983008e+00, 2.37600002e+01, 0., -2.36659002e+00, 2.37900009e+01,
    0., -2.32986999e+00, 2.38199997e+01, 0., -2.27494001e+00,
    2.38500004e+01, 0., -2.22621989e+00, 2.38799992e+01, 0.,
    -2.16496992e+00, 2.39099998e+01, 0., -2.11596990e+00, 2.39400005e+01,
    0., -2.05690002e+00, 2.39699993e+01, 0., -2.01085997e+00, 24., 0.,
    -1.95147002e+00, 2.40300007e+01, 0., -1.90303004e+00, 2.40599995e+01,
    0., -1.84764004e+00, 2.40900002e+01, 0., -1.80615997e+00,
    2.41200008e+01, 0., -1.75896001e+00, 2.41499996e+01, 0.,
    -1.72368002e+00, 2.41800003e+01, 0., -1.66022003e+00, 2.42099991e+01,
    0., -1.60562003e+00, 2.42399998e+01, 0., -1.54539001e+00,
    2.42700005e+01, 0., -1.49882996e+00, 2.42999992e+01, 0.,
    -1.44481003e+00, 2.43299999e+01, 0., -1.40244997e+00, 2.43600006e+01,
    0., -1.35613000e+00, 2.43899994e+01, 0., -1.32041001e+00,
    2.44200001e+01, 0., -1.25711000e+00, 2.44500008e+01, 0.,
    -1.20279002e+00, 2.44799995e+01, 0., -1.16622996e+00, 2.45100002e+01,
    0., -1.13293004e+00, 2.45400009e+01, 0., -1.09149003e+00,
    2.45699997e+01, 0., -1.03661001e+00, 2.46000004e+01, 0.,
    -9.83169973e-01, 2.46299992e+01, 0., -9.20830011e-01, 2.46599998e+01,
    0., -8.85550022e-01, 2.46900005e+01, 0., -8.36510003e-01,
    2.47199993e+01, 0., -7.91429996e-01, 2.47500000e+01, 0.,
    -7.37609982e-01, 2.47800007e+01, 0., -6.97730005e-01, 2.48099995e+01,
    0., -6.43180013e-01, 2.48400002e+01, 0., -5.94060004e-01,
    2.48700008e+01, 0., -5.39619982e-01, 2.48999996e+01, 0.,
    -4.99779999e-01, 2.49300003e+01, 0., -4.51279998e-01, 2.49599991e+01,
    0., -4.13199991e-01, 2.49899998e+01, 0., -3.58269989e-01,
    2.50200005e+01, 0., -3.10470015e-01, 2.50499992e+01, 0.,
    -2.77619988e-01, 2.50799999e+01, 0., -2.45309994e-01, 2.51100006e+01,
    0., -1.99430004e-01, 2.51399994e+01, 0., -1.44490004e-01,
    2.51700001e+01, 0., -1.08250000e-01, 2.52000008e+01, 0.,
    -6.15999997e-02, 2.52299995e+01, 0., -2.01200005e-02, 2.52600002e+01,
    0., 3.10999993e-02, 2.52900009e+01, 0., 7.13000000e-02,
    2.53199997e+01, 0., 1.24860004e-01, 2.53500004e+01, 0.,
    1.71580002e-01, 2.53799992e+01, 0., 2.26799995e-01, 2.54099998e+01,
    0., 2.69279987e-01, 2.54400005e+01, 0., 3.06899995e-01,
    2.54699993e+01, 0., 3.28700006e-01, 2.55000000e+01, 0.,
    3.72740000e-01, 2.55300007e+01, 0., 4.21920002e-01, 2.55599995e+01,
    0., 4.64320004e-01, 2.55900002e+01, 0., 5.16200006e-01,
    2.56200008e+01, 0., 5.53879976e-01, 2.56499996e+01, 0.,
    5.97559988e-01, 2.56800003e+01, 0., 6.21559978e-01, 2.57099991e+01,
    0., 6.58770025e-01, 2.57399998e+01, 0., 6.92369998e-01,
    2.57700005e+01, 0., 7.45630026e-01, 2.57999992e+01, 0.,
