%YAML:1.0
---
scan_line: [ 3.63300018e+01, 0., -2.09855900e+01, 3.63600006e+01, 0.,
    -2.09164295e+01, 3.63899994e+01, 0., -2.09826908e+01, 3.64199982e+01,
    0., -2.13551102e+01, 3.64500008e+01, 0., -2.12873096e+01,
    3.64799995e+01, 0., -2.11686401e+01, 3.65099983e+01, 0.,
    -2.10330009e+01, 3.65400009e+01, 0., -2.08817101e+01, 3.65699997e+01,
    0., -2.08193493e+01, 3.65999985e+01, 0., -2.07199898e+01,
    3.66300011e+01, 0., -2.05721893e+01, 3.66599998e+01, 0.,
    -2.04243908e+01, 3.66899986e+01, 0., -2.02619705e+01, 3.67200012e+01,
    0., -2.01440506e+01, 3.67500000e+01, 0., -2.00014191e+01,
    3.67799988e+01, 0., -1.98931808e+01, 3.68100014e+01, 0.,
    -1.97652206e+01, 3.68400002e+01, 0., -1.96717396e+01, 3.68699989e+01,
    0., -1.95485191e+01, 3.69000015e+01, 0., -1.94298401e+01,
    3.69300003e+01, 0., -1.93111591e+01, 3.69599991e+01, 0.,
    -1.91994801e+01, 3.69900017e+01, 0., -1.91175594e+01, 3.70200005e+01,
    0., -1.89928398e+01, 3.70499992e+01, 0., -1.88886395e+01,
    3.70800018e+01, 0., -1.87774906e+01, 3.71100006e+01, 0.,
    -1.86924095e+01, 3.71399994e+01, 0., -1.85812206e+01, 3.71699982e+01,
    0., -1.84913406e+01, 3.72000008e+01, 0., -1.83591805e+01,
    3.72299995e+01, 0., -1.82429409e+01, 3.72599983e+01, 0.,
    -1.81357403e+01, 3.72900009e+01, 0., -1.80702991e+01, 3.73199997e+01,
    0., -1.79920101e+01, 3.73499985e+01, 0., -1.79313297e+01,
    3.73800011e+01, 0., -1.78516808e+01, 3.74099998e+01, 0.,
    -1.77872391e+01, 3.74399986e+01, 0., -1.76758099e+01, 3.74700012e+01,
    0., -1.75805702e+01, 3.75000000e+01, 0., -1.74829597e+01,
    3.75299988e+01, 0., -1.74091606e+01, 3.75600014e+01, 0.,
    -1.73131809e+01, 3.75900002e+01, 0., -1.72357006e+01, 3.76199989e+01,
    0., -1.71403904e+01, 3.76500015e+01, 0., -1.70645103e+01,
    3.76800003e+01, 0., -1.69755402e+01, 3.77099991e+01, 0.,
    -1.69055805e+01, 3.77400017e+01, 0., -1.68277702e+01, 3.77700005e+01,
    0., -1.67540607e+01, 3.77999992e+01, 0., -1.67004604e+01,
    3.78300018e+01, 0., -1.66320705e+01, 3.78600006e+01, 0.,
    -1.65731106e+01, 3.78899994e+01, 0., -1.64993992e+01, 3.79199982e+01,
    0., -1.64405594e+01, 3.79500008e+01, 0., -1.63683796e+01,
    3.79799995e+01, 0., -1.63123798e+01, 3.80099983e+01, 0.,
    -1.62400494e+01, 3.80400009e+01, 0., -1.61794109e+01, 3.80699997e+01,
    0., -1.60987396e+01, 3.80999985e+01, 0., -1.60317001e+01,
    3.81300011e+01, 0., -1.59409599e+01, 3.81599998e+01, 0.,
    -1.58647203e+01, 3.81899986e+01, 0., -1.57948999e+01, 3.82200012e+01,
    0., -1.57441797e+01, 3.82500000e+01, 0., -1.56718197e+01,
    3.82799988e+01, 0., -1.56061001e+01, 3.83100014e+01, 0.,
    -1.55818996e+01, 3.83400002e+01, 0., -1.55313597e+01, 3.83699989e+01,
    0., -1.54666004e+01, 3.84000015e+01, 0., -1.53795099e+01,
    3.84300003e+01, 0., -1.53026304e+01, 3.84599991e+01, 0.,
    -1.52263403e+01, 3.84900017e+01, 0., -1.51759396e+01, 3.85200005e+01,
    0., -1.51218395e+01, 3.85499992e+01, 0., -1.50833998e+01,
    3.85800018e+01, 0., -1.50344496e+01, 3.86100006e+01, 0.,
    -1.49758701e+01, 3.86399994e+01, 0., -1.48988705e+01, 3.86699982e+01,
    0., -1.48162899e+01, 3.87000008e+01, 0., -1.47940102e+01,
    3.87299995e+01, 0., -1.47480602e+01, 3.87599983e+01, 0.,
    -1.46897001e+01, 3.87900009e+01, 0., -1.46210804e+01, 3.88199997e+01,
    0., -1.45685596e+01, 3.88499985e+01, 0., -1.45087404e+01,
    3.88800011e+01, 0., -1.44621000e+01, 3.89099998e+01, 0.,
    -1.43975697e+01, 3.89399986e+01, 0., -1.43323603e+01, 3.89700012e+01,
    0., -1.42831202e+01, 39., 0., -1.42200203e+01, 3.90299988e+01, 0.,
    -1.41677399e+01, 3.90600014e+01, 0., -1.41246405e+01, 3.90900002e+01,
    0., -1.41020803e+01, 3.91199989e+01, 0., -1.40519800e+01,
    3.91500015e+01, 0., -1.40075397e+01, 3.91800003e+01, 0.,
    -1.39442301e+01, 3.92099991e+01, 0., -1.38803301e+01, 3.92400017e+01,
    0., -1.38335304e+01, 3.92700005e+01, 0., -1.37716799e+01,
    3.92999992e+01, 0., -1.37183199e+01, 3.93300018e+01, 0.,
    -1.36763897e+01, 3.93600006e+01, 0., -1.36561499e+01, 3.93899994e+01,
    0., -1.36025496e+01, 3.94199982e+01, 0., -1.35415297e+01,
    3.94500008e+01, 0., -1.34913702e+01, 3.94799995e+01, 0.,
    -1.34429302e+01, 3.95099983e+01, 0., -1.34213696e+01, 3.95400009e+01,
    0., -1.33739500e+01, 3.95699997e+01, 0., -1.33251495e+01,
    3.95999985e+01, 0., -1.32684803e+01, 3.96300011e+01, 0.,
    -1.32240400e+01, 3.96599998e+01, 0., -1.31673899e+01, 3.96899986e+01,
    0., -1.31160603e+01, 3.97200012e+01, 0., -1.30928202e+01,
    3.97500000e+01, 0., -1.30517998e+01, 3.97799988e+01, 0.,
    -1.30047598e+01, 3.98100014e+01, 0., -1.29456797e+01, 3.98400002e+01,
    0., -1.28983202e+01, 3.98699989e+01, 0., -1.28404303e+01,
    3.99000015e+01, 0., -1.27892504e+01, 3.99300003e+01, 0.,
    -1.27687302e+01, 3.99599991e+01, 0., -1.27331495e+01, 3.99900017e+01,
    0., -1.26928301e+01, 4.00200005e+01, 0., -1.26559095e+01,
    4.00499992e+01, 0., -1.26336298e+01, 4.00800018e+01, 0.,
    -1.25824299e+01, 4.01100006e+01, 0., -1.25251703e+01, 4.01399994e+01,
    0., -1.24786501e+01, 4.01699982e+01, 0., -1.24320202e+01,
    4.02000008e+01, 0., -1.24085798e+01, 4.02299995e+01, 0.,
    -1.23618002e+01, 4.02599983e+01, 0., -1.23208799e+01, 4.02900009e+01,
    0., -1.22662802e+01, 4.03199997e+01, 0., -1.22166204e+01,
    4.03499985e+01, 0., -1.21953001e+01, 4.03800011e+01, 0.,
    -1.21520901e+01, 4.04099998e+01, 0., -1.21086903e+01, 4.04399986e+01,
    0., -1.20514002e+01, 4.04700012e+01, 0., -1.20011501e+01,
    4.05000000e+01, 0., -1.19860296e+01, 4.05299988e+01, 0.,
    -1.19521103e+01, 4.05600014e+01, 0., -1.19070301e+01, 4.05900002e+01,
    0., -1.18702402e+01, 4.06199989e+01, 0., -1.18512402e+01,
    4.06500015e+01, 0., -1.18061800e+01, 4.06800003e+01, 0.,
    -1.17607098e+01, 4.07099991e+01, 0., -1.17399902e+01, 4.07400017e+01,
    0., -1.17021704e+01, 4.07700005e+01, 0., -1.16576500e+01,
    4.07999992e+01, 0., -1.16013098e+01, 4.08300018e+01, 0.,
    -1.15515003e+01, 4.08600006e+01, 0., -1.15338602e+01, 4.08899994e+01,
    0., -1.15003300e+01, 4.09199982e+01, 0., -1.14598503e+01,
    4.09500008e+01, 0., -1.14288998e+01, 4.09799995e+01, 0.,
    -1.14146996e+01, 4.10099983e+01, 0., -1.13655396e+01, 4.10400009e+01,
    0., -1.13098297e+01, 4.10699997e+01, 0., -1.12694702e+01,
    4.10999985e+01, 0., -1.12285900e+01, 4.11300011e+01, 0.,
    -1.12075100e+01, 4.11599998e+01, 0., -1.11618795e+01, 4.11899986e+01,
    0., -1.11171198e+01, 4.12200012e+01, 0., -1.10995598e+01,
    4.12500000e+01, 0., -1.10657597e+01, 4.12799988e+01, 0.,
    -1.10246000e+01, 4.13100014e+01, 0., -1.09905500e+01, 4.13400002e+01,
    0., -1.09725904e+01, 4.13699989e+01, 0., -1.09254799e+01,
    4.14000015e+01, 0., -1.08847599e+01, 4.14300003e+01, 0.,
    -1.08672400e+01, 4.14599991e+01, 0., -1.08266802e+01, 4.14900017e+01,
    0., -1.07843199e+01, 4.15200005e+01, 0., -1.07472296e+01,
    4.15499992e+01, 0., -1.07131205e+01, 4.15800018e+01, 0.,
    -1.06827602e+01, 4.16100006e+01, 0., -1.06521902e+01, 4.16399994e+01,
    0., -1.06366301e+01, 4.16699982e+01, 0., -1.05916796e+01,
    4.17000008e+01, 0., -1.05479603e+01, 4.17299995e+01, 0.,
    -1.05373201e+01, 4.17599983e+01, 0., -1.05099096e+01, 4.17900009e+01,
    0., -1.04710703e+01, 4.18199997e+01, 0., -1.04139004e+01,
    4.18499985e+01, 0., -1.03602505e+01, 4.18800011e+01, 0.,
    -1.03466501e+01, 4.19099998e+01, 0., -1.03289900e+01, 4.19399986e+01,
    0., -1.03141098e+01, 4.19700012e+01, 0., -1.02775898e+01, 42., 0.,
    -1.02388296e+01, 4.20299988e+01, 0., -1.02116404e+01, 4.20600014e+01,
    0., -1.01791496e+01, 4.20900002e+01, 0., -1.01404305e+01,
    4.21199989e+01, 0., -1.01115398e+01, 4.21500015e+01, 0.,
    -1.00988598e+01, 4.21800003e+01, 0., -1.00548401e+01, 4.22099991e+01,
    0., -1.00155096e+01, 4.22400017e+01, 0., -9.99814987e+00,
    4.22700005e+01, 0., -9.96138954e+00, 4.22999992e+01, 0.,
    -9.92399025e+00, 4.23300018e+01, 0., -9.90157986e+00, 4.23600006e+01,
    0., -9.87053967e+00, 4.23899994e+01, 0., -9.82810020e+00,
