%YAML:1.0
---
scan_line: [ 2.02199993e+01, 0., -2.86505203e+01, 2.02500000e+01, 0.,
    -2.86491604e+01, 2.02800007e+01, 0., -2.86483307e+01, 2.03099995e+01,
    0., -2.86503296e+01, 2.03400002e+01, 0., -2.86510696e+01,
    2.03700008e+01, 0., -2.86495495e+01, 2.03999996e+01, 0.,
    -2.86502991e+01, 2.04300003e+01, 0., -2.86522999e+01, 2.04599991e+01,
    0., -2.86548405e+01, 2.04899998e+01, 0., -2.86572609e+01,
    2.05200005e+01, 0., -2.86587391e+01, 2.05499992e+01, 0.,
    -2.86509495e+01, 2.05799999e+01, 0., -2.86331501e+01, 2.06100006e+01,
    0., -2.86046391e+01, 2.06399994e+01, 0., -2.85744400e+01,
    2.06700001e+01, 0., -2.85236492e+01, 2.07000008e+01, 0.,
    -2.84674492e+01, 2.07299995e+01, 0., -2.83995895e+01, 2.07600002e+01,
    0., -2.83533096e+01, 2.07900009e+01, 0., -2.83070297e+01,
    2.08199997e+01, 0., -2.82251492e+01, 2.08500004e+01, 0.,
    -2.81469097e+01, 2.08799992e+01, 0., -2.80550098e+01, 2.09099998e+01,
    0., -2.80007706e+01, 2.09400005e+01, 0., -2.79465294e+01,
    2.09699993e+01, 0., -2.78763008e+01, 21., 0., -2.78188992e+01,
    2.10300007e+01, 0., -2.77502003e+01, 2.10599995e+01, 0.,
    -2.76989594e+01, 2.10900002e+01, 0., -2.76477203e+01, 2.11200008e+01,
    0., -2.75730896e+01, 2.11499996e+01, 0., -2.75113697e+01,
    2.11800003e+01, 0., -2.74330997e+01, 2.12099991e+01, 0.,
    -2.73693008e+01, 2.12399998e+01, 0., -2.73055000e+01, 2.12700005e+01,
    0., -2.72329502e+01, 2.12999992e+01, 0., -2.71763897e+01,
    2.13299999e+01, 0., -2.71068802e+01, 2.13600006e+01, 0.,
    -2.70519199e+01, 2.13899994e+01, 0., -2.69855309e+01, 2.14200001e+01,
    0., -2.69352093e+01, 2.14500008e+01, 0., -2.68848896e+01,
    2.14799995e+01, 0., -2.68173695e+01, 2.15100002e+01, 0.,
    -2.67624493e+01, 2.15400009e+01, 0., -2.66781597e+01, 2.15699997e+01,
    0., -2.66024399e+01, 2.16000004e+01, 0., -2.65147800e+01,
    2.16299992e+01, 0., -2.64671803e+01, 2.16599998e+01, 0.,
    -2.64195805e+01, 2.16900005e+01, 0., -2.63529205e+01, 2.17199993e+01,
    0., -2.62981606e+01, 2.17500000e+01, 0., -2.62319794e+01,
    2.17800007e+01, 0., -2.61817799e+01, 2.18099995e+01, 0.,
    -2.61172791e+01, 2.18400002e+01, 0., -2.60600796e+01, 2.18700008e+01,
    0., -2.60028801e+01, 2.18999996e+01, 0., -2.59412708e+01,
    2.19300003e+01, 0., -2.58940296e+01, 2.19599991e+01, 0.,
    -2.58303204e+01, 2.19899998e+01, 0., -2.57768803e+01, 2.20200005e+01,
    0., -2.57115307e+01, 2.20499992e+01, 0., -2.56610107e+01,
    2.20799999e+01, 0., -2.55969505e+01, 2.21100006e+01, 0.,
    -2.55429497e+01, 2.21399994e+01, 0., -2.54889507e+01, 2.21700001e+01,
    0., -2.54284992e+01, 2.22000008e+01, 0., -2.53816204e+01,
    2.22299995e+01, 0., -2.53216000e+01, 2.22600002e+01, 0.,
    -2.52729206e+01, 2.22900009e+01, 0., -2.52111492e+01, 2.23199997e+01,
    0., -2.51590691e+01, 2.23500004e+01, 0., -2.50942898e+01,
    2.23799992e+01, 0., -2.50435295e+01, 2.24099998e+01, 0.,
    -2.49927692e+01, 2.24400005e+01, 0., -2.49308605e+01, 2.24699993e+01,
    0., -2.48817005e+01, 2.25000000e+01, 0., -2.48220005e+01,
    2.25300007e+01, 0., -2.47752399e+01, 2.25599995e+01, 0.,
    -2.47149792e+01, 2.25900002e+01, 0., -2.46647396e+01, 2.26200008e+01,
    0., -2.46023293e+01, 2.26499996e+01, 0., -2.45537300e+01,
    2.26800003e+01, 0., -2.45051308e+01, 2.27099991e+01, 0.,
    -2.44460602e+01, 2.27399998e+01, 0., -2.43991394e+01, 2.27700005e+01,
    0., -2.43416595e+01, 2.27999992e+01, 0., -2.42963791e+01,
    2.28299999e+01, 0., -2.42364407e+01, 2.28600006e+01, 0.,
    -2.41846008e+01, 2.28899994e+01, 0., -2.41205006e+01, 2.29200001e+01,
    0., -2.40716209e+01, 2.29500008e+01, 0., -2.40123997e+01,
    2.29799995e+01, 0., -2.39711609e+01, 2.30100002e+01, 0.,
    -2.39299202e+01, 2.30400009e+01, 0., -2.38815498e+01, 2.30699997e+01,
    0., -2.38435497e+01, 2.31000004e+01, 0., -2.37858791e+01,
    2.31299992e+01, 0., -2.37377205e+01, 2.31599998e+01, 0.,
    -2.36789894e+01, 2.31900005e+01, 0., -2.36327896e+01, 2.32199993e+01,
    0., -2.35763607e+01, 2.32500000e+01, 0., -2.35328007e+01,
    2.32800007e+01, 0., -2.34772205e+01, 2.33099995e+01, 0.,
    -2.34314594e+01, 2.33400002e+01, 0., -2.33761997e+01, 2.33700008e+01,
    0., -2.33383999e+01, 2.33999996e+01, 0., -2.32904491e+01,
    2.34300003e+01, 0., -2.32501698e+01, 2.34599991e+01, 0.,
    -2.32098904e+01, 2.34899998e+01, 0., -2.31507607e+01, 2.35200005e+01,
    0., -2.31017609e+01, 2.35499992e+01, 0., -2.30461807e+01,
    2.35799999e+01, 0., -2.30028992e+01, 2.36100006e+01, 0.,
    -2.29474792e+01, 2.36399994e+01, 0., -2.29024792e+01, 2.36700001e+01,
    0., -2.28513508e+01, 2.37000008e+01, 0., -2.28132305e+01,
    2.37299995e+01, 0., -2.27660198e+01, 2.37600002e+01, 0.,
    -2.27288208e+01, 2.37900009e+01, 0., -2.26778793e+01, 2.38199997e+01,
    0., -2.26317997e+01, 2.38500004e+01, 0., -2.25767403e+01,
    2.38799992e+01, 0., -2.25357399e+01, 2.39099998e+01, 0.,
    -2.24828205e+01, 2.39400005e+01, 0., -2.24352207e+01, 2.39699993e+01,
    0., -2.23777103e+01, 24., 0., -2.23383503e+01, 2.40300007e+01, 0.,
    -2.22989902e+01, 2.40599995e+01, 0., -2.22534103e+01, 2.40900002e+01,
    0., -2.22176895e+01, 2.41200008e+01, 0., -2.21671600e+01,
    2.41499996e+01, 0., -2.21256409e+01, 2.41800003e+01, 0.,
    -2.20743999e+01, 2.42099991e+01, 0., -2.20335999e+01, 2.42399998e+01,
    0., -2.19895897e+01, 2.42700005e+01, 0., -2.19581909e+01,
    2.42999992e+01, 0., -2.19126091e+01, 2.43299999e+01, 0.,
    -2.18728104e+01, 2.43600006e+01, 0., -2.18159599e+01, 2.43899994e+01,
    0., -2.17667999e+01, 2.44200001e+01, 0., -2.17138805e+01,
    2.44500008e+01, 0., -2.16761208e+01, 2.44799995e+01, 0.,
    -2.16269608e+01, 2.45100002e+01, 0., -2.15854397e+01, 2.45400009e+01,
    0., -2.15396404e+01, 2.45699997e+01, 0., -2.15104809e+01,
    2.46000004e+01, 0., -2.14682693e+01, 2.46299992e+01, 0.,
    -2.14276295e+01, 2.46599998e+01, 0., -2.13730392e+01, 2.46900005e+01,
    0., -2.13248806e+01, 2.47199993e+01, 0., -2.12785797e+01,
    2.47500000e+01, 0., -2.12583408e+01, 2.47800007e+01, 0.,
    -2.12195091e+01, 2.48099995e+01, 0., -2.11722698e+01, 2.48400002e+01,
    0., -2.11182804e+01, 2.48700008e+01, 0., -2.10811596e+01,
    2.48999996e+01, 0., -2.10331097e+01, 2.49300003e+01, 0.,
    -2.09894695e+01, 2.49599991e+01, 0., -2.09394608e+01, 2.49899998e+01,
    0., -2.09142609e+01, 2.50200005e+01, 0., -2.08778992e+01,
    2.50499992e+01, 0., -2.08334999e+01, 2.50799999e+01, 0.,
    -2.07782097e+01, 2.51100006e+01, 0., -2.07347298e+01, 2.51399994e+01,
    0., -2.06860504e+01, 2.51700001e+01, 0., -2.06654892e+01,
    2.52000008e+01, 0., -2.06349201e+01, 2.52299995e+01, 0.,
    -2.05948792e+01, 2.52600002e+01, 0., -2.05432091e+01, 2.52900009e+01,
    0., -2.04969292e+01, 2.53199997e+01, 0., -2.04415493e+01,
    2.53500004e+01, 0., -2.04052296e+01, 2.53799992e+01, 0.,
    -2.03621902e+01, 2.54099998e+01, 0., -2.03355904e+01, 2.54400005e+01,
    0., -2.02978401e+01, 2.54699993e+01, 0., -2.02532806e+01,
    2.55000000e+01, 0., -2.02039700e+01, 2.55300007e+01, 0.,
    -2.01852093e+01, 2.55599995e+01, 0., -2.01556892e+01, 2.55900002e+01,
    0., -2.01127701e+01, 2.56200008e+01, 0., -2.00596600e+01,
    2.56499996e+01, 0., -2.00191803e+01, 2.56800003e+01, 0.,
    -1.99730797e+01, 2.57099991e+01, 0., -1.99505997e+01, 2.57399998e+01,
    0., -1.99180698e+01, 2.57700005e+01, 0., -1.98780308e+01,
    2.57999992e+01, 0., -1.98274708e+01, 2.58299999e+01, 0.,
    -1.97853909e+01, 2.58600006e+01, 0., -1.97367496e+01, 2.58899994e+01,
    0., -1.97105904e+01, 2.59200001e+01, 0., -1.96717892e+01,
    2.59500008e+01, 0., -1.96335106e+01, 2.59799995e+01, 0.,
    -1.95941906e+01, 2.60100002e+01, 0., -1.95730305e+01, 2.60400009e+01,
    0., -1.95361805e+01, 2.60699997e+01, 0., -1.94942207e+01,
    2.61000004e+01, 0., -1.94423809e+01, 2.61299992e+01, 0.,
    -1.94016991e+01, 2.61599998e+01, 0., -1.93616600e+01, 2.61900005e+01,
    0., -1.93426208e+01, 2.62199993e+01, 0., -1.93065891e+01,
    2.62500000e+01, 0., -1.92631092e+01, 2.62800007e+01, 0.,
