%YAML:1.0
---
scan_line: [ 4.80000019e+00, 0., 1.72833309e+01, 4.82999992e+00, 0.,
    1.72812099e+01, 4.86000013e+00, 0., 1.72774105e+01, 4.88999987e+00,
    0., 1.72428093e+01, 4.92000008e+00, 0., 1.72528400e+01,
    4.94999981e+00, 0., 1.72640305e+01, 4.98000002e+00, 0.,
    1.72351494e+01, 5.01000023e+00, 0., 1.72230396e+01, 5.03999996e+00,
    0., 1.72189198e+01, 5.07000017e+00, 0., 1.72168808e+01,
    5.09999990e+00, 0., 1.72176800e+01, 5.13000011e+00, 0.,
    1.72127399e+01, 5.15999985e+00, 0., 1.72067509e+01, 5.19000006e+00,
    0., 1.72019501e+01, 5.21999979e+00, 0., 1.71997890e+01,
    5.25000000e+00, 0., 1.71964703e+01, 5.28000021e+00, 0.,
    1.71864109e+01, 5.30999994e+00, 0., 1.71678600e+01, 5.34000015e+00,
    0., 1.71564198e+01, 5.36999989e+00, 0., 1.71499195e+01,
    5.40000010e+00, 0., 1.71447906e+01, 5.42999983e+00, 0.,
    1.71397705e+01, 5.46000004e+00, 0., 1.71390896e+01, 5.48999977e+00,
    0., 1.71368599e+01, 5.51999998e+00, 0., 1.71329594e+01,
    5.55000019e+00, 0., 1.71289997e+01, 5.57999992e+00, 0.,
    1.71263294e+01, 5.61000013e+00, 0., 1.71238899e+01, 5.63999987e+00,
    0., 1.71214008e+01, 5.67000008e+00, 0., 1.71201591e+01,
    5.69999981e+00, 0., 1.71169491e+01, 5.73000002e+00, 0.,
    1.71120090e+01, 5.76000023e+00, 0., 1.71000404e+01, 5.78999996e+00,
    0., 1.70741196e+01, 5.82000017e+00, 0., 1.70659199e+01,
    5.84999990e+00, 0., 1.70619507e+01, 5.88000011e+00, 0.,
    1.70577793e+01, 5.90999985e+00, 0., 1.70577793e+01, 5.94000006e+00,
    0., 1.70542393e+01, 5.96999979e+00, 0., 1.70491791e+01, 6., 0.,
    1.70448494e+01, 6.03000021e+00, 0., 1.70397701e+01, 6.05999994e+00,
    0., 1.70356407e+01, 6.09000015e+00, 0., 1.70319004e+01,
    6.11999989e+00, 0., 1.70275803e+01, 6.15000010e+00, 0.,
    1.70048103e+01, 6.17999983e+00, 0., 1.69907894e+01, 6.21000004e+00,
    0., 1.69845009e+01, 6.23999977e+00, 0., 1.69776192e+01,
    6.26999998e+00, 0., 1.69747009e+01, 6.30000019e+00, 0.,
    1.69729500e+01, 6.32999992e+00, 0., 1.69708405e+01, 6.36000013e+00,
    0., 1.69640408e+01, 6.38999987e+00, 0., 1.69584599e+01,
    6.42000008e+00, 0., 1.69366493e+01, 6.44999981e+00, 0.,
    1.69250507e+01, 6.48000002e+00, 0., 1.69415703e+01, 6.51000023e+00,
    0., 1.69217091e+01, 6.53999996e+00, 0., 1.69008198e+01,
    6.57000017e+00, 0., 1.68990707e+01, 6.59999990e+00, 0.,
    1.68998299e+01, 6.63000011e+00, 0., 1.68913403e+01, 6.65999985e+00,
    0., 1.68866806e+01, 6.69000006e+00, 0., 1.68849697e+01,
    6.71999979e+00, 0., 1.68798504e+01, 6.75000000e+00, 0.,
    1.68759995e+01, 6.78000021e+00, 0., 1.68714905e+01, 6.80999994e+00,
    0., 1.68663006e+01, 6.84000015e+00, 0., 1.68659801e+01,
    6.86999989e+00, 0., 1.68533802e+01, 6.90000010e+00, 0.,
    1.68337402e+01, 6.92999983e+00, 0., 1.68181496e+01, 6.96000004e+00,
    0., 1.68134308e+01, 6.98999977e+00, 0., 1.68086700e+01,
    7.01999998e+00, 0., 1.68060398e+01, 7.05000019e+00, 0.,
    1.68061199e+01, 7.07999992e+00, 0., 1.68006592e+01, 7.11000013e+00,
    0., 1.67938099e+01, 7.13999987e+00, 0., 1.67880592e+01,
    7.17000008e+00, 0., 1.67848206e+01, 7.19999981e+00, 0.,
    1.67802200e+01, 7.23000002e+00, 0., 1.67588291e+01, 7.26000023e+00,
    0., 1.67384396e+01, 7.28999996e+00, 0., 1.67353592e+01,
    7.32000017e+00, 0., 1.67302799e+01, 7.34999990e+00, 0.,
    1.67255096e+01, 7.38000011e+00, 0., 1.67213001e+01, 7.40999985e+00,
    0., 1.67173405e+01, 7.44000006e+00, 0., 1.67112598e+01,
    7.46999979e+00, 0., 1.67060299e+01, 7.50000000e+00, 0.,
    1.67021198e+01, 7.53000021e+00, 0., 1.67009201e+01, 7.55999994e+00,
    0., 1.66720791e+01, 7.59000015e+00, 0., 1.66548691e+01,
    7.61999989e+00, 0., 1.66513996e+01, 7.65000010e+00, 0.,
    1.66504002e+01, 7.67999983e+00, 0., 1.66429806e+01, 7.71000004e+00,
    0., 1.66399994e+01, 7.73999977e+00, 0., 1.66395493e+01,
    7.76999998e+00, 0., 1.66345100e+01, 7.80000019e+00, 0.,
    1.66281891e+01, 7.82999992e+00, 0., 1.66062508e+01, 7.86000013e+00,
    0., 1.65788403e+01, 7.88999987e+00, 0., 1.65785599e+01,
    7.92000008e+00, 0., 1.65728798e+01, 7.94999981e+00, 0.,
    1.65667801e+01, 7.98000002e+00, 0., 1.65611706e+01, 8.01000023e+00,
    0., 1.65560894e+01, 8.03999996e+00, 0., 1.65530205e+01,
    8.06999969e+00, 0., 1.65471897e+01, 8.10000038e+00, 0.,
    1.65322609e+01, 8.13000011e+00, 0., 1.65083809e+01, 8.15999985e+00,
    0., 1.65086899e+01, 8.18999958e+00, 0., 1.65063305e+01,
    8.22000027e+00, 0., 1.64913006e+01, 8.25000000e+00, 0.,
    1.64879799e+01, 8.27999973e+00, 0., 1.64825401e+01, 8.31000042e+00,
    0., 1.64770107e+01, 8.34000015e+00, 0., 1.64713192e+01,
    8.36999989e+00, 0., 1.64654007e+01, 8.39999962e+00, 0.,
    1.64352703e+01, 8.43000031e+00, 0., 1.64259300e+01, 8.46000004e+00,
    0., 1.64295502e+01, 8.48999977e+00, 0., 1.64175091e+01,
    8.52000046e+00, 0., 1.64104805e+01, 8.55000019e+00, 0.,
    1.64046803e+01, 8.57999992e+00, 0., 1.63978806e+01, 8.60999966e+00,
    0., 1.63927593e+01, 8.64000034e+00, 0., 1.63878098e+01,
    8.67000008e+00, 0., 1.63825092e+01, 8.69999981e+00, 0.,
    1.63699608e+01, 8.72999954e+00, 0., 1.63402805e+01, 8.76000023e+00,
    0., 1.63338203e+01, 8.78999996e+00, 0., 1.63290291e+01,
    8.81999969e+00, 0., 1.63210106e+01, 8.85000038e+00, 0.,
    1.63172092e+01, 8.88000011e+00, 0., 1.63162994e+01, 8.90999985e+00,
    0., 1.63129196e+01, 8.93999958e+00, 0., 1.63050499e+01,
    8.97000027e+00, 0., 1.63007298e+01, 9., 0., 1.62847805e+01,
    9.02999973e+00, 0., 1.62636700e+01, 9.06000042e+00, 0.,
    1.62471905e+01, 9.09000015e+00, 0., 1.62399902e+01, 9.11999989e+00,
    0., 1.62327003e+01, 9.14999962e+00, 0., 1.62277794e+01,
    9.18000031e+00, 0., 1.62249107e+01, 9.21000004e+00, 0.,
    1.62201500e+01, 9.23999977e+00, 0., 1.62142200e+01, 9.27000046e+00,
    0., 1.62096100e+01, 9.30000019e+00, 0., 1.62074108e+01,
    9.32999992e+00, 0., 1.61721001e+01, 9.35999966e+00, 0.,
    1.61604805e+01, 9.39000034e+00, 0., 1.61546402e+01, 9.42000008e+00,
    0., 1.61458302e+01, 9.44999981e+00, 0., 1.61398697e+01,
    9.47999954e+00, 0., 1.61365700e+01, 9.51000023e+00, 0.,
    1.61341209e+01, 9.53999996e+00, 0., 1.61319599e+01, 9.56999969e+00,
    0., 1.60974503e+01, 9.60000038e+00, 0., 1.60811100e+01,
    9.63000011e+00, 0., 1.60769405e+01, 9.65999985e+00, 0.,
    1.60749207e+01, 9.68999958e+00, 0., 1.60681190e+01, 9.72000027e+00,
    0., 1.60612793e+01, 9.75000000e+00, 0., 1.60572796e+01,
    9.77999973e+00, 0., 1.60569592e+01, 9.81000042e+00, 0.,
    1.60487309e+01, 9.84000015e+00, 0., 1.60189991e+01, 9.86999989e+00,
    0., 1.60007801e+01, 9.89999962e+00, 0., 1.59986496e+01,
    9.93000031e+00, 0., 1.59960899e+01, 9.96000004e+00, 0.,
    1.59896297e+01, 9.98999977e+00, 0., 1.59809799e+01, 1.00200005e+01,
    0., 1.59695702e+01, 1.00500002e+01, 0., 1.59514503e+01,
    1.00799999e+01, 0., 1.59308205e+01, 1.01099997e+01, 0.,
    1.59196701e+01, 1.01400003e+01, 0., 1.59146099e+01, 1.01700001e+01,
    0., 1.59106903e+01, 1.01999998e+01, 0., 1.59022598e+01,
    1.02299995e+01, 0., 1.58958302e+01, 1.02600002e+01, 0.,
    1.58924599e+01, 1.02900000e+01, 0., 1.58861799e+01, 1.03199997e+01,
    0., 1.58589401e+01, 1.03500004e+01, 0., 1.58397198e+01,
    1.03800001e+01, 0., 1.58353205e+01, 1.04099998e+01, 0.,
    1.58344402e+01, 1.04399996e+01, 0., 1.58278904e+01, 1.04700003e+01,
    0., 1.58183899e+01, 1.05000000e+01, 0., 1.58078699e+01,
    1.05299997e+01, 0., 1.58037901e+01, 1.05600004e+01, 0.,
    1.57784204e+01, 1.05900002e+01, 0., 1.57675600e+01, 1.06199999e+01,
    0., 1.57755699e+01, 1.06499996e+01, 0., 1.57825298e+01,
    1.06800003e+01, 0., 1.57613602e+01, 1.07100000e+01, 0.,
    1.57338495e+01, 1.07399998e+01, 0., 1.57257900e+01, 1.07700005e+01,
    0., 1.57163095e+01, 1.08000002e+01, 0., 1.56865902e+01,
    1.08299999e+01, 0., 1.56856203e+01, 1.08599997e+01, 0.,
    1.57025404e+01, 1.08900003e+01, 0., 1.56708403e+01, 1.09200001e+01,
    0., 1.56557703e+01, 1.09499998e+01, 0., 1.56488199e+01,
    1.09799995e+01, 0., 1.56419897e+01, 1.10100002e+01, 0.,
