%YAML:1.0
---
scan_line: [ 5.37000008e+01, 0., -1.78862305e+01, 5.37299995e+01, 0.,
    -1.75142593e+01, 5.37599983e+01, 0., -1.70465508e+01, 5.37900009e+01,
    0., -1.66643906e+01, 5.38199997e+01, 0., -1.64111099e+01,
    5.38499985e+01, 0., -1.60726795e+01, 5.38800011e+01, 0.,
    -1.57640896e+01, 5.39099998e+01, 0., -1.55202198e+01, 5.39399986e+01,
    0., -1.53194599e+01, 5.39700012e+01, 0., -1.50547600e+01, 54., 0.,
    -1.47834597e+01, 5.40299988e+01, 0., -1.45328102e+01, 5.40600014e+01,
    0., -1.43860102e+01, 5.40900002e+01, 0., -1.41844702e+01,
    5.41199989e+01, 0., -1.39707603e+01, 5.41500015e+01, 0.,
    -1.37992802e+01, 5.41800003e+01, 0., -1.36208897e+01, 5.42099991e+01,
    0., -1.34211998e+01, 5.42400017e+01, 0., -1.31932402e+01,
    5.42700005e+01, 0., -1.30656796e+01, 5.42999992e+01, 0.,
    -1.29040098e+01, 5.43300018e+01, 0., -1.27361803e+01, 5.43600006e+01,
    0., -1.25871000e+01, 5.43899994e+01, 0., -1.24228697e+01,
    5.44199982e+01, 0., -1.22656202e+01, 5.44500008e+01, 0.,
    -1.21415005e+01, 5.44799995e+01, 0., -1.19865704e+01, 5.45099983e+01,
    0., -1.18418703e+01, 5.45400009e+01, 0., -1.17020903e+01,
    5.45699997e+01, 0., -1.15841303e+01, 5.45999985e+01, 0.,
    -1.14380302e+01, 5.46300011e+01, 0., -1.12885799e+01, 5.46599998e+01,
    0., -1.11552200e+01, 5.46899986e+01, 0., -1.10243797e+01,
    5.47200012e+01, 0., -1.09011202e+01, 5.47500000e+01, 0.,
    -1.08008404e+01, 5.47799988e+01, 0., -1.06456003e+01, 5.48100014e+01,
    0., -1.05112896e+01, 5.48400002e+01, 0., -1.03943005e+01,
    5.48699989e+01, 0., -1.02956200e+01, 5.49000015e+01, 0.,
    -1.01819296e+01, 5.49300003e+01, 0., -1.00658302e+01, 5.49599991e+01,
    0., -9.94431019e+00, 5.49900017e+01, 0., -9.82656956e+00,
    5.50200005e+01, 0., -9.71135998e+00, 5.50499992e+01, 0.,
    -9.61196041e+00, 5.50800018e+01, 0., -9.50255013e+00, 5.51100006e+01,
    0., -9.38298988e+00, 5.51399994e+01, 0., -9.25047016e+00,
    5.51699982e+01, 0., -9.16907024e+00, 5.52000008e+01, 0.,
    -9.07246971e+00, 5.52299995e+01, 0., -8.97420025e+00, 5.52599983e+01,
    0., -8.87924004e+00, 5.52900009e+01, 0., -8.77322006e+00,
    5.53199997e+01, 0., -8.66889954e+00, 5.53499985e+01, 0.,
    -8.56369972e+00, 5.53800011e+01, 0., -8.45818996e+00, 5.54099998e+01,
    0., -8.36166954e+00, 5.54399986e+01, 0., -8.28738976e+00,
    5.54700012e+01, 0., -8.17856979e+00, 5.55000000e+01, 0.,
    -8.06680012e+00, 5.55299988e+01, 0., -7.96059990e+00, 5.55600014e+01,
    0., -7.88844013e+00, 5.55900002e+01, 0., -7.79757023e+00,
    5.56199989e+01, 0., -7.70486021e+00, 5.56500015e+01, 0.,
    -7.62622023e+00, 5.56800003e+01, 0., -7.51856995e+00, 5.57099991e+01,
    0., -7.41690016e+00, 5.57400017e+01, 0., -7.35025978e+00,
    5.57700005e+01, 0., -7.25901985e+00, 5.57999992e+01, 0.,
    -7.17027998e+00, 5.58300018e+01, 0., -7.10476017e+00, 5.58600006e+01,
    0., -7.00537014e+00, 5.58899994e+01, 0., -6.90004015e+00,
    5.59199982e+01, 0., -6.79895020e+00, 5.59500008e+01, 0.,
    -6.73510981e+00, 5.59799995e+01, 0., -6.65318012e+00, 5.60099983e+01,
    0., -6.56849003e+00, 5.60400009e+01, 0., -6.49629021e+00,
    5.60699997e+01, 0., -6.40794992e+00, 5.60999985e+01, 0.,
    -6.32476997e+00, 5.61300011e+01, 0., -6.26385021e+00, 5.61599998e+01,
    0., -6.17417002e+00, 5.61899986e+01, 0., -6.07612991e+00,
    5.62200012e+01, 0., -5.97557020e+00, 5.62500000e+01, 0.,
    -5.91104984e+00, 5.62799988e+01, 0., -5.83079004e+00, 5.63100014e+01,
    0., -5.75083017e+00, 5.63400002e+01, 0., -5.68698978e+00,
    5.63699989e+01, 0., -5.60132980e+00, 5.64000015e+01, 0.,
    -5.51749992e+00, 5.64300003e+01, 0., -5.45726013e+00, 5.64599991e+01,
    0., -5.37982988e+00, 5.64900017e+01, 0., -5.29566002e+00,
    5.65200005e+01, 0., -5.20745993e+00, 5.65499992e+01, 0.,
    -5.15365982e+00, 5.65800018e+01, 0., -5.08092022e+00, 5.66100006e+01,
    0., -5.00395012e+00, 5.66399994e+01, 0., -4.94058990e+00,
    5.66699982e+01, 0., -4.85947990e+00, 5.67000008e+01, 0.,
    -4.77931976e+00, 5.67299995e+01, 0., -4.71784019e+00, 5.67599983e+01,
    0., -4.65145016e+00, 5.67900009e+01, 0., -4.58314991e+00,
    5.68199997e+01, 0., -4.52299023e+00, 5.68499985e+01, 0.,
    -4.44411993e+00, 5.68800011e+01, 0., -4.36847019e+00, 5.69099998e+01,
    0., -4.29464006e+00, 5.69399986e+01, 0., -4.23271990e+00,
    5.69700012e+01, 0., -4.15200996e+00, 57., 0., -4.07298994e+00,
    5.70299988e+01, 0., -4.01443005e+00, 5.70600014e+01, 0.,
    -3.94079995e+00, 5.70900002e+01, 0., -3.86963010e+00, 5.71199989e+01,
    0., -3.81574988e+00, 5.71500015e+01, 0., -3.74323010e+00,
    5.71800003e+01, 0., -3.67129993e+00, 5.72099991e+01, 0.,
    -3.60088992e+00, 5.72400017e+01, 0., -3.54537010e+00, 5.72700005e+01,
    0., -3.47508001e+00, 5.72999992e+01, 0., -3.41071010e+00,
    5.73300018e+01, 0., -3.36702991e+00, 5.73600006e+01, 0.,
    -3.30243993e+00, 5.73899994e+01, 0., -3.23382998e+00, 5.74199982e+01,
    0., -3.17706990e+00, 5.74500008e+01, 0., -3.10198998e+00,
    5.74799995e+01, 0., -3.02975011e+00, 5.75099983e+01, 0.,
    -2.96063995e+00, 5.75400009e+01, 0., -2.90723991e+00, 5.75699997e+01,
    0., -2.83586001e+00, 5.75999985e+01, 0., -2.77131009e+00,
    5.76300011e+01, 0., -2.73163009e+00, 5.76599998e+01, 0.,
    -2.66487002e+00, 5.76899986e+01, 0., -2.59121990e+00, 5.77200012e+01,
    0., -2.51839995e+00, 5.77500000e+01, 0., -2.47519994e+00,
    5.77799988e+01, 0., -2.41579008e+00, 5.78100014e+01, 0.,
    -2.35125995e+00, 5.78400002e+01, 0., -2.29466009e+00, 5.78699989e+01,
    0., -2.22305012e+00, 5.79000015e+01, 0., -2.15483999e+00,
    5.79300003e+01, 0., -2.10464001e+00, 5.79599991e+01, 0.,
    -2.02982998e+00, 5.79900017e+01, 0., -1.97722006e+00, 5.80200005e+01,
    0., -1.93656003e+00, 5.80499992e+01, 0., -1.88875997e+00,
    5.80800018e+01, 0., -1.81719995e+00, 5.81100006e+01, 0.,
    -1.74398005e+00, 5.81399994e+01, 0., -1.69278002e+00, 5.81699982e+01,
    0., -1.63016999e+00, 5.82000008e+01, 0., -1.56483996e+00,
    5.82299995e+01, 0., -1.50097001e+00, 5.82599983e+01, 0.,
    -1.46940994e+00, 5.82900009e+01, 0., -1.41631997e+00, 5.83199997e+01,
    0., -1.35266995e+00, 5.83499985e+01, 0., -1.29683006e+00,
    5.83800011e+01, 0., -1.23406994e+00, 5.84099998e+01, 0.,
    -1.16717994e+00, 5.84399986e+01, 0., -1.09906006e+00, 5.84700012e+01,
    0., -1.06894004e+00, 5.85000000e+01, 0., -1.01923001e+00,
    5.85299988e+01, 0., -9.61560011e-01, 5.85600014e+01, 0.,
    -9.15759981e-01, 5.85900002e+01, 0., -8.50459993e-01, 5.86199989e+01,
    0., -7.91719973e-01, 5.86500015e+01, 0., -7.59039998e-01,
    5.86800003e+01, 0., -6.92340016e-01, 5.87099991e+01, 0.,
    -6.30110025e-01, 5.87400017e+01, 0., -5.74310005e-01, 5.87700005e+01,
    0., -5.26910007e-01, 5.87999992e+01, 0., -4.75829989e-01,
    5.88300018e+01, 0., -4.24809992e-01, 5.88600006e+01, 0.,
    -3.77530009e-01, 5.88899994e+01, 0., -3.19330007e-01, 5.89199982e+01,
    0., -2.58370012e-01, 5.89500008e+01, 0., -1.98840007e-01,
    5.89799995e+01, 0., -1.70320004e-01, 5.90099983e+01, 0.,
    -1.12590000e-01, 5.90400009e+01, 0., -4.78900000e-02, 5.90699997e+01,
    0., -5.36999991e-03, 5.90999985e+01, 0., 5.03799990e-02,
    5.91300011e+01, 0., 1.02109998e-01, 5.91599998e+01, 0.,
    1.49570003e-01, 5.91899986e+01, 0., 1.96329996e-01, 5.92200012e+01,
    0., 2.52449989e-01, 5.92500000e+01, 0., 3.03750008e-01,
    5.92799988e+01, 0., 3.34270000e-01, 5.93100014e+01, 0.,
    3.89849991e-01, 5.93400002e+01, 0., 4.52710003e-01, 5.93699989e+01,
    0., 5.16889989e-01, 5.94000015e+01, 0., 5.58210015e-01,
    5.94300003e+01, 0., 5.98469973e-01, 5.94599991e+01, 0.,
    6.37929976e-01, 5.94900017e+01, 0., 6.91209972e-01, 5.95200005e+01,
    0., 7.47160017e-01, 5.95499992e+01, 0., 7.91760027e-01,
    5.95800018e+01, 0., 8.16959977e-01, 5.96100006e+01, 0.,
    8.76990020e-01, 5.96399994e+01, 0., 9.37080026e-01, 5.96699982e+01,
    0., 9.94660020e-01, 5.97000008e+01, 0., 1.04778004e+00,
    5.97299995e+01, 0., 1.08449996e+00, 5.97599983e+01, 0.,
