%YAML:1.0
---
scan_line: [ 5.55000000e+01, 0., -2.86730309e+01, 5.55299988e+01, 0.,
    -2.86618690e+01, 5.55600014e+01, 0., -2.86484299e+01, 5.55900002e+01,
    0., -2.86383095e+01, 5.56199989e+01, 0., -2.86294098e+01,
    5.56500015e+01, 0., -2.86243706e+01, 5.56800003e+01, 0.,
    -2.86189995e+01, 5.57099991e+01, 0., -2.86169605e+01, 5.57400017e+01,
    0., -2.86250401e+01, 5.57700005e+01, 0., -2.86319809e+01,
    5.57999992e+01, 0., -2.86274204e+01, 5.58300018e+01, 0.,
    -2.86221905e+01, 5.58600006e+01, 0., -2.86186295e+01, 5.58899994e+01,
    0., -2.86172409e+01, 5.59199982e+01, 0., -2.86177197e+01,
    5.59500008e+01, 0., -2.86208897e+01, 5.59799995e+01, 0.,
    -2.86237698e+01, 5.60099983e+01, 0., -2.86232891e+01, 5.60400009e+01,
    0., -2.86243992e+01, 5.60699997e+01, 0., -2.86273994e+01,
    5.60999985e+01, 0., -2.86201992e+01, 5.61300011e+01, 0.,
    -2.86086006e+01, 5.61599998e+01, 0., -2.86303902e+01, 5.61899986e+01,
    0., -2.86551094e+01, 5.62200012e+01, 0., -2.86673908e+01,
    5.62500000e+01, 0., -2.86683598e+01, 5.62799988e+01, 0.,
    -2.86480808e+01, 5.63100014e+01, 0., -2.86126404e+01, 5.63400002e+01,
    0., -2.85722008e+01, 5.63699989e+01, 0., -2.85182705e+01,
    5.64000015e+01, 0., -2.84628601e+01, 5.64300003e+01, 0.,
    -2.84163399e+01, 5.64599991e+01, 0., -2.83552208e+01, 5.64900017e+01,
    0., -2.83028202e+01, 5.65200005e+01, 0., -2.82282600e+01,
    5.65499992e+01, 0., -2.81499195e+01, 5.65800018e+01, 0.,
    -2.80823994e+01, 5.66100006e+01, 0., -2.79982109e+01, 5.66399994e+01,
    0., -2.79310093e+01, 5.66699982e+01, 0., -2.78464794e+01,
    5.67000008e+01, 0., -2.77652798e+01, 5.67299995e+01, 0.,
    -2.77043991e+01, 5.67599983e+01, 0., -2.76408195e+01, 5.67900009e+01,
    0., -2.75830803e+01, 5.68199997e+01, 0., -2.75289993e+01,
    5.68499985e+01, 0., -2.74526691e+01, 5.68800011e+01, 0.,
    -2.73812695e+01, 5.69099998e+01, 0., -2.73035393e+01, 5.69399986e+01,
    0., -2.72274895e+01, 5.69700012e+01, 0., -2.71627293e+01, 57., 0.,
    -2.70835304e+01, 5.70299988e+01, 0., -2.70092201e+01, 5.70600014e+01,
    0., -2.69614601e+01, 5.70900002e+01, 0., -2.68993206e+01,
    5.71199989e+01, 0., -2.68467598e+01, 5.71500015e+01, 0.,
    -2.67786407e+01, 5.71800003e+01, 0., -2.67072296e+01, 5.72099991e+01,
    0., -2.66415901e+01, 5.72400017e+01, 0., -2.65671806e+01,
    5.72700005e+01, 0., -2.65117798e+01, 5.72999992e+01, 0.,
    -2.64334698e+01, 5.73300018e+01, 0., -2.63670692e+01, 5.73600006e+01,
    0., -2.63308697e+01, 5.73899994e+01, 0., -2.62645798e+01,
    5.74199982e+01, 0., -2.61880608e+01, 5.74500008e+01, 0.,
    -2.61389408e+01, 5.74799995e+01, 0., -2.60712509e+01, 5.75099983e+01,
    0., -2.60095692e+01, 5.75400009e+01, 0., -2.59302998e+01,
    5.75699997e+01, 0., -2.58636608e+01, 5.75999985e+01, 0.,
    -2.58261795e+01, 5.76300011e+01, 0., -2.57611504e+01, 5.76599998e+01,
    0., -2.56867199e+01, 5.76899986e+01, 0., -2.56359596e+01,
    5.77200012e+01, 0., -2.55663204e+01, 5.77500000e+01, 0.,
    -2.55032806e+01, 5.77799988e+01, 0., -2.54565201e+01, 5.78100014e+01,
    0., -2.54111595e+01, 5.78400002e+01, 0., -2.53538799e+01,
    5.78699989e+01, 0., -2.52780991e+01, 5.79000015e+01, 0.,
    -2.52031403e+01, 5.79300003e+01, 0., -2.51546593e+01, 5.79599991e+01,
    0., -2.50994701e+01, 5.79900017e+01, 0., -2.50619507e+01,
    5.80200005e+01, 0., -2.50002003e+01, 5.80499992e+01, 0.,
    -2.49339104e+01, 5.80800018e+01, 0., -2.48781109e+01, 5.81100006e+01,
    0., -2.48041401e+01, 5.81399994e+01, 0., -2.47349491e+01,
    5.81699982e+01, 0., -2.47036705e+01, 5.82000008e+01, 0.,
    -2.46520901e+01, 5.82299995e+01, 0., -2.45958900e+01, 5.82599983e+01,
    0., -2.45302906e+01, 5.82900009e+01, 0., -2.44703598e+01,
    5.83199997e+01, 0., -2.44369602e+01, 5.83499985e+01, 0.,
    -2.43834801e+01, 5.83800011e+01, 0., -2.43345203e+01, 5.84099998e+01,
    0., -2.42663593e+01, 5.84399986e+01, 0., -2.41953793e+01,
    5.84700012e+01, 0., -2.41373405e+01, 5.85000000e+01, 0.,
    -2.40931301e+01, 5.85299988e+01, 0., -2.40493908e+01, 5.85600014e+01,
    0., -2.39930706e+01, 5.85900002e+01, 0., -2.39401398e+01,
    5.86199989e+01, 0., -2.39071407e+01, 5.86500015e+01, 0.,
    -2.38508797e+01, 5.86800003e+01, 0., -2.37861309e+01, 5.87099991e+01,
    0., -2.37286491e+01, 5.87400017e+01, 0., -2.36633701e+01,
    5.87700005e+01, 0., -2.36066799e+01, 5.87999992e+01, 0.,
    -2.35834808e+01, 5.88300018e+01, 0., -2.35248394e+01, 5.88600006e+01,
    0., -2.34508991e+01, 5.88899994e+01, 0., -2.34057407e+01,
    5.89199982e+01, 0., -2.33571796e+01, 5.89500008e+01, 0.,
    -2.33279400e+01, 5.89799995e+01, 0., -2.32740192e+01, 5.90099983e+01,
    0., -2.32126999e+01, 5.90400009e+01, 0., -2.31539803e+01,
    5.90699997e+01, 0., -2.31019001e+01, 5.90999985e+01, 0.,
    -2.30597401e+01, 5.91300011e+01, 0., -2.30123005e+01, 5.91599998e+01,
    0., -2.29499207e+01, 5.91899986e+01, 0., -2.28963604e+01,
    5.92200012e+01, 0., -2.28488998e+01, 5.92500000e+01, 0.,
    -2.28016701e+01, 5.92799988e+01, 0., -2.27583103e+01, 5.93100014e+01,
    0., -2.27147808e+01, 5.93400002e+01, 0., -2.26743908e+01,
    5.93699989e+01, 0., -2.26292305e+01, 5.94000015e+01, 0.,
    -2.25662804e+01, 5.94300003e+01, 0., -2.25081997e+01, 5.94599991e+01,
    0., -2.24680004e+01, 5.94900017e+01, 0., -2.24245396e+01,
    5.95200005e+01, 0., -2.23762207e+01, 5.95499992e+01, 0.,
    -2.23130894e+01, 5.95800018e+01, 0., -2.22537899e+01, 5.96100006e+01,
    0., -2.22243099e+01, 5.96399994e+01, 0., -2.21755409e+01,
    5.96699982e+01, 0., -2.21301804e+01, 5.97000008e+01, 0.,
    -2.20904198e+01, 5.97299995e+01, 0., -2.20432491e+01, 5.97599983e+01,
    0., -2.19914494e+01, 5.97900009e+01, 0., -2.19277802e+01,
    5.98199997e+01, 0., -2.18771305e+01, 5.98499985e+01, 0.,
    -2.18518906e+01, 5.98800011e+01, 0., -2.18013096e+01, 5.99099998e+01,
    0., -2.17428303e+01, 5.99399986e+01, 0., -2.17114697e+01,
    5.99700012e+01, 0., -2.16659107e+01, 60., 0., -2.16219101e+01,
    6.00299988e+01, 0., -2.15647392e+01, 6.00600014e+01, 0.,
    -2.15184898e+01, 6.00900002e+01, 0., -2.14952908e+01, 6.01199989e+01,
    0., -2.14462204e+01, 6.01500015e+01, 0., -2.13887405e+01,
    6.01800003e+01, 0., -2.13584595e+01, 6.02099991e+01, 0.,
    -2.13120193e+01, 6.02400017e+01, 0., -2.12703400e+01, 6.02700005e+01,
    0., -2.12068100e+01, 6.02999992e+01, 0., -2.11535206e+01,
    6.03300018e+01, 0., -2.11265202e+01, 6.03600006e+01, 0.,
    -2.10743504e+01, 6.03899994e+01, 0., -2.10289192e+01, 6.04199982e+01,
    0., -2.10062809e+01, 6.04500008e+01, 0., -2.09552193e+01,
    6.04799995e+01, 0., -2.08968506e+01, 6.05099983e+01, 0.,
    -2.08751698e+01, 6.05400009e+01, 0., -2.08346195e+01, 6.05699997e+01,
    0., -2.07861004e+01, 6.05999985e+01, 0., -2.07513103e+01,
    6.06300011e+01, 0., -2.07068901e+01, 6.06599998e+01, 0.,
    -2.06519699e+01, 6.06899986e+01, 0., -2.05967598e+01, 6.07200012e+01,
    0., -2.05480404e+01, 6.07500000e+01, 0., -2.05190392e+01,
    6.07799988e+01, 0., -2.04734707e+01, 6.08100014e+01, 0.,
    -2.04255009e+01, 6.08400002e+01, 0., -2.03992195e+01, 6.08699989e+01,
    0., -2.03564091e+01, 6.09000015e+01, 0., -2.03102894e+01,
    6.09300003e+01, 0., -2.02489796e+01, 6.09599991e+01, 0.,
    -2.01990509e+01, 6.09900017e+01, 0., -2.01738892e+01, 6.10200005e+01,
    0., -2.01260109e+01, 6.10499992e+01, 0., -2.00781307e+01,
    6.10800018e+01, 0., -2.00529709e+01, 6.11100006e+01, 0.,
    -2.00080509e+01, 6.11399994e+01, 0., -1.99589500e+01, 6.11699982e+01,
    0., -1.99351101e+01, 6.12000008e+01, 0., -1.98927593e+01,
    6.12299995e+01, 0., -1.98438797e+01, 6.12599983e+01, 0.,
    -1.98076096e+01, 6.12900009e+01, 0., -1.97667599e+01, 6.13199997e+01,
    0., -1.97211208e+01, 6.13499985e+01, 0., -1.96901493e+01,
    6.13800011e+01, 0., -1.96591206e+01, 6.14099998e+01, 0.,
    -1.96135197e+01, 6.14399986e+01, 0., -1.95739403e+01, 6.14700012e+01,
    0., -1.95420609e+01, 6.15000000e+01, 0., -1.95040607e+01,
    6.15299988e+01, 0., -1.94603405e+01, 6.15600014e+01, 0.,
