%YAML:1.0
---
scan_line: [ 2.39999995e-01, 0., -5.69990015e+00, 2.70000011e-01, 0.,
    -5.69613981e+00, 3.00000012e-01, 0., -5.69054985e+00, 3.30000013e-01,
    0., -5.68266010e+00, 3.60000014e-01, 0., -5.66949987e+00,
    3.89999986e-01, 0., -5.65935993e+00, 4.19999987e-01, 0.,
    -5.65884018e+00, 4.49999988e-01, 0., -5.66990995e+00, 4.79999989e-01,
    0., -5.66952991e+00, 5.09999990e-01, 0., -5.64621019e+00,
    5.40000021e-01, 0., -5.62763977e+00, 5.69999993e-01, 0.,
    -5.62555981e+00, 6.00000024e-01, 0., -5.62335014e+00, 6.29999995e-01,
    0., -5.62144995e+00, 6.60000026e-01, 0., -5.61977005e+00,
    6.89999998e-01, 0., -5.61771011e+00, 7.20000029e-01, 0.,
    -5.61623001e+00, 7.50000000e-01, 0., -5.61045980e+00, 7.79999971e-01,
    0., -5.60492992e+00, 8.10000002e-01, 0., -5.60445023e+00,
    8.39999974e-01, 0., -5.60164022e+00, 8.70000005e-01, 0.,
    -5.59687996e+00, 8.99999976e-01, 0., -5.60113001e+00, 9.30000007e-01,
    0., -5.60333014e+00, 9.59999979e-01, 0., -5.59956980e+00,
    9.90000010e-01, 0., -5.59300995e+00, 1.01999998e+00, 0.,
    -5.58681011e+00, 1.04999995e+00, 0., -5.58832979e+00, 1.08000004e+00,
    0., -5.58857012e+00, 1.11000001e+00, 0., -5.58437014e+00,
    1.13999999e+00, 0., -5.58285999e+00, 1.16999996e+00, 0.,
    -5.57807016e+00, 1.20000005e+00, 0., -5.55587006e+00, 1.23000002e+00,
    0., -5.53255987e+00, 1.25999999e+00, 0., -5.52835989e+00,
    1.28999996e+00, 0., -5.52513981e+00, 1.32000005e+00, 0.,
    -5.52502012e+00, 1.35000002e+00, 0., -5.52404022e+00, 1.38000000e+00,
    0., -5.52226019e+00, 1.40999997e+00, 0., -5.51889992e+00,
    1.44000006e+00, 0., -5.51807022e+00, 1.47000003e+00, 0.,
    -5.51914978e+00, 1.50000000e+00, 0., -5.51605988e+00, 1.52999997e+00,
    0., -5.51305008e+00, 1.55999994e+00, 0., -5.51212978e+00,
    1.59000003e+00, 0., -5.50914001e+00, 1.62000000e+00, 0.,
    -5.50498009e+00, 1.64999998e+00, 0., -5.50201988e+00, 1.67999995e+00,
    0., -5.49877977e+00, 1.71000004e+00, 0., -5.49677992e+00,
    1.74000001e+00, 0., -5.49695015e+00, 1.76999998e+00, 0.,
    -5.49666023e+00, 1.79999995e+00, 0., -5.49278021e+00, 1.83000004e+00,
    0., -5.48827982e+00, 1.86000001e+00, 0., -5.48487997e+00,
    1.88999999e+00, 0., -5.48247004e+00, 1.91999996e+00, 0.,
    -5.48060989e+00, 1.95000005e+00, 0., -5.47924995e+00, 1.98000002e+00,
    0., -5.47842979e+00, 2.00999999e+00, 0., -5.47679996e+00,
    2.03999996e+00, 0., -5.47100019e+00, 2.06999993e+00, 0.,
    -5.46911001e+00, 2.09999990e+00, 0., -5.47403002e+00, 2.13000011e+00,
    0., -5.45166016e+00, 2.16000009e+00, 0., -5.42806005e+00,
    2.19000006e+00, 0., -5.42382002e+00, 2.22000003e+00, 0.,
    -5.42923021e+00, 2.25000000e+00, 0., -5.43742990e+00, 2.27999997e+00,
    0., -5.42708015e+00, 2.30999994e+00, 0., -5.41468000e+00,
    2.33999991e+00, 0., -5.41275978e+00, 2.36999989e+00, 0.,
    -5.41138983e+00, 2.40000010e+00, 0., -5.40678978e+00, 2.43000007e+00,
    0., -5.40857983e+00, 2.46000004e+00, 0., -5.41313982e+00,
    2.49000001e+00, 0., -5.40978003e+00, 2.51999998e+00, 0.,
    -5.40830994e+00, 2.54999995e+00, 0., -5.40858984e+00, 2.57999992e+00,
    0., -5.40297985e+00, 2.60999990e+00, 0., -5.39846992e+00,
    2.64000010e+00, 0., -5.39799023e+00, 2.67000008e+00, 0.,
    -5.39658022e+00, 2.70000005e+00, 0., -5.39429998e+00, 2.73000002e+00,
    0., -5.39130020e+00, 2.75999999e+00, 0., -5.39011002e+00,
    2.78999996e+00, 0., -5.39231014e+00, 2.81999993e+00, 0.,
    -5.38993979e+00, 2.84999990e+00, 0., -5.38745022e+00, 2.88000011e+00,
    0., -5.38917017e+00, 2.91000009e+00, 0., -5.38783979e+00,
    2.94000006e+00, 0., -5.38492012e+00, 2.97000003e+00, 0.,
    -5.38079977e+00, 3., 0., -5.37824011e+00, 3.02999997e+00, 0.,
    -5.37816000e+00, 3.05999994e+00, 0., -5.37972021e+00, 3.08999991e+00,
    0., -5.38128996e+00, 3.11999989e+00, 0., -5.37876987e+00,
    3.15000010e+00, 0., -5.37608004e+00, 3.18000007e+00, 0.,
    -5.37455988e+00, 3.21000004e+00, 0., -5.37222004e+00, 3.24000001e+00,
    0., -5.36965990e+00, 3.26999998e+00, 0., -5.36753988e+00,
    3.29999995e+00, 0., -5.36568022e+00, 3.32999992e+00, 0.,
    -5.36474991e+00, 3.35999990e+00, 0., -5.36502981e+00, 3.39000010e+00,
    0., -5.36496019e+00, 3.42000008e+00, 0., -5.36439991e+00,
    3.45000005e+00, 0., -5.36455011e+00, 3.48000002e+00, 0.,
    -5.36294985e+00, 3.50999999e+00, 0., -5.35543013e+00, 3.53999996e+00,
    0., -5.34519005e+00, 3.56999993e+00, 0., -5.33658981e+00,
    3.59999990e+00, 0., -5.32168007e+00, 3.63000011e+00, 0.,
    -5.31309986e+00, 3.66000009e+00, 0., -5.32978010e+00, 3.69000006e+00,
    0., -5.32765007e+00, 3.72000003e+00, 0., -5.31369019e+00,
    3.75000000e+00, 0., -5.31091976e+00, 3.77999997e+00, 0.,
    -5.31115007e+00, 3.80999994e+00, 0., -5.30918980e+00, 3.83999991e+00,
    0., -5.33012009e+00, 3.86999989e+00, 0., -5.34202003e+00,
    3.90000010e+00, 0., -5.32202005e+00, 3.93000007e+00, 0.,
    -5.30627012e+00, 3.96000004e+00, 0., -5.30479002e+00, 3.99000001e+00,
    0., -5.30146980e+00, 4.01999998e+00, 0., -5.30316019e+00,
    4.05000019e+00, 0., -5.32155991e+00, 4.07999992e+00, 0.,
    -5.31375980e+00, 4.11000013e+00, 0., -5.30136013e+00, 4.13999987e+00,
    0., -5.29811001e+00, 4.17000008e+00, 0., -5.29635000e+00,
    4.19999981e+00, 0., -5.29302979e+00, 4.23000002e+00, 0.,
    -5.29440022e+00, 4.26000023e+00, 0., -5.29670000e+00, 4.28999996e+00,
    0., -5.28974009e+00, 4.32000017e+00, 0., -5.28649998e+00,
    4.34999990e+00, 0., -5.29057980e+00, 4.38000011e+00, 0.,
    -5.29108000e+00, 4.40999985e+00, 0., -5.28998995e+00, 4.44000006e+00,
    0., -5.28871012e+00, 4.46999979e+00, 0., -5.28592014e+00,
    4.50000000e+00, 0., -5.28349018e+00, 4.53000021e+00, 0.,
    -5.28500986e+00, 4.55999994e+00, 0., -5.28564978e+00, 4.59000015e+00,
    0., -5.28464985e+00, 4.61999989e+00, 0., -5.28572989e+00,
    4.65000010e+00, 0., -5.28649998e+00, 4.67999983e+00, 0.,
    -5.28605986e+00, 4.71000004e+00, 0., -5.28439999e+00, 4.73999977e+00,
    0., -5.28176022e+00, 4.76999998e+00, 0., -5.27892017e+00,
    4.80000019e+00, 0., -5.27578020e+00, 4.82999992e+00, 0.,
    -5.27390003e+00, 4.86000013e+00, 0., -5.27256012e+00, 4.88999987e+00,
    0., -5.27256012e+00, 4.92000008e+00, 0., -5.27576017e+00,
    4.94999981e+00, 0., -5.27876997e+00, 4.98000002e+00, 0.,
    -5.27966022e+00, 5.01000023e+00, 0., -5.27602005e+00, 5.03999996e+00,
    0., -5.27390003e+00, 5.07000017e+00, 0., -5.27525997e+00,
    5.09999990e+00, 0., -5.27638006e+00, 5.13000011e+00, 0.,
    -5.27701998e+00, 5.15999985e+00, 0., -5.27653980e+00, 5.19000006e+00,
    0., -5.27407980e+00, 5.21999979e+00, 0., -5.27120018e+00,
    5.25000000e+00, 0., -5.26993990e+00, 5.28000021e+00, 0.,
    -5.27113008e+00, 5.30999994e+00, 0., -5.27429008e+00, 5.34000015e+00,
    0., -5.27139997e+00, 5.36999989e+00, 0., -5.26752996e+00,
    5.40000010e+00, 0., -5.26701021e+00, 5.42999983e+00, 0.,
    -5.26808977e+00, 5.46000004e+00, 0., -5.26943016e+00, 5.48999977e+00,
    0., -5.26774979e+00, 5.51999998e+00, 0., -5.26717997e+00,
    5.55000019e+00, 0., -5.26845980e+00, 5.57999992e+00, 0.,
    -5.26749992e+00, 5.61000013e+00, 0., -5.26654005e+00, 5.63999987e+00,
    0., -5.26785994e+00, 5.67000008e+00, 0., -5.26756001e+00,
    5.69999981e+00, 0., -5.26628017e+00, 5.73000002e+00, 0.,
    -5.26634979e+00, 5.76000023e+00, 0., -5.26565981e+00, 5.78999996e+00,
    0., -5.26374006e+00, 5.82000017e+00, 0., -5.26319981e+00,
    5.84999990e+00, 0., -5.26310015e+00, 5.88000011e+00, 0.,
    -5.26306009e+00, 5.90999985e+00, 0., -5.26571989e+00, 5.94000006e+00,
    0., -5.26874018e+00, 5.96999979e+00, 0., -5.26626015e+00, 6., 0.,
    -5.26346016e+00, 6.03000021e+00, 0., -5.26157999e+00, 6.05999994e+00,
    0., -5.26182985e+00, 6.09000015e+00, 0., -5.26235008e+00,
    6.11999989e+00, 0., -5.26139021e+00, 6.15000010e+00, 0.,
    -5.26470995e+00, 6.17999983e+00, 0., -5.26913977e+00, 6.21000004e+00,
    0., -5.26669979e+00, 6.23999977e+00, 0., -5.26409006e+00,
    6.26999998e+00, 0., -5.26265001e+00, 6.30000019e+00, 0.,
