%YAML:1.0
---
scan_line: [ 8.18999958e+00, 0., -9.92035961e+00, 8.22000027e+00, 0.,
    -9.82499981e+00, 8.25000000e+00, 0., -9.72964001e+00, 8.31000042e+00,
    0., -9.51982975e+00, 8.34000015e+00, 0., -9.42938995e+00,
    8.36999989e+00, 0., -9.33895016e+00, 8.39999962e+00, 0.,
    -9.24851036e+00, 8.46000004e+00, 0., -9.04738998e+00, 8.48999977e+00,
    0., -8.95855045e+00, 8.52000046e+00, 0., -8.86970997e+00,
    8.57999992e+00, 0., -8.67539024e+00, 8.60999966e+00, 0.,
    -8.59226990e+00, 8.64000034e+00, 0., -8.50914955e+00, 8.67000008e+00,
    0., -8.40602016e+00, 8.69999981e+00, 0., -8.32602024e+00,
    8.72999954e+00, 0., -8.24602032e+00, 8.76000023e+00, 0.,
    -8.16602039e+00, 8.78999996e+00, 0., -8.06517982e+00, 8.81999969e+00,
    0., -7.98369980e+00, 8.85000038e+00, 0., -7.90221977e+00,
    8.88000011e+00, 0., -7.82074022e+00, 8.90999985e+00, 0.,
    -7.72416019e+00, 8.93999958e+00, 0., -7.64987993e+00, 8.97000027e+00,
    0., -7.57560015e+00, 9., 0., -7.48188019e+00, 9.02999973e+00, 0.,
    -7.40587997e+00, 9.06000042e+00, 0., -7.32988024e+00, 9.09000015e+00,
    0., -7.25388002e+00, 9.11999989e+00, 0., -7.16625977e+00,
    9.14999962e+00, 0., -7.09774017e+00, 9.18000031e+00, 0.,
    -7.02922010e+00, 9.21000004e+00, 0., -6.93775988e+00, 9.23999977e+00,
    0., -6.86348009e+00, 9.27000046e+00, 0., -6.78919983e+00,
    9.30000019e+00, 0., -6.69996977e+00, 9.32999992e+00, 0.,
    -6.63313007e+00, 9.35999966e+00, 0., -6.56628990e+00, 9.39000034e+00,
    0., -6.48064995e+00, 9.42000008e+00, 0., -6.40548992e+00,
    9.44999981e+00, 0., -6.33032990e+00, 9.47999954e+00, 0.,
    -6.23724985e+00, 9.51000023e+00, 0., -6.16600990e+00, 9.53999996e+00,
    0., -6.09476995e+00, 9.56999969e+00, 0., -6.02353001e+00,
    9.60000038e+00, 0., -5.94167995e+00, 9.63000011e+00, 0.,
    -5.87763977e+00, 9.65999985e+00, 0., -5.81360006e+00, 9.68999958e+00,
    0., -5.73383999e+00, 9.72000027e+00, 0., -5.67011976e+00,
    9.75000000e+00, 0., -5.60640001e+00, 9.77999973e+00, 0.,
    -5.52676010e+00, 9.81000042e+00, 0., -5.46316004e+00, 9.84000015e+00,
    0., -5.39955997e+00, 9.86999989e+00, 0., -5.31722021e+00,
    9.89999962e+00, 0., -5.25089979e+00, 9.93000031e+00, 0.,
    -5.17112017e+00, 9.96000004e+00, 0., -5.11747980e+00, 9.98999977e+00,
    0., -5.06383991e+00, 1.00200005e+01, 0., -4.99190998e+00,
    1.00500002e+01, 0., -4.92870998e+00, 1.00799999e+01, 0.,
    -4.86550999e+00, 1.01099997e+01, 0., -4.78504992e+00, 1.01400003e+01,
    0., -4.71993017e+00, 1.01700001e+01, 0., -4.65480995e+00,
    1.01999998e+01, 0., -4.57937002e+00, 1.02299995e+01, 0.,
    -4.52028990e+00, 1.02600002e+01, 0., -4.46120977e+00, 1.02900000e+01,
    0., -4.39756012e+00, 1.03199997e+01, 0., -4.34872007e+00,
    1.03500004e+01, 0., -4.28105021e+00, 1.03800001e+01, 0.,
    -4.21900988e+00, 1.04099998e+01, 0., -4.15697002e+00, 1.04399996e+01,
    0., -4.07946014e+00, 1.04700003e+01, 0., -4.01753998e+00,
    1.05000000e+01, 0., -3.95562005e+00, 1.05299997e+01, 0.,
    -3.89129996e+00, 1.05600004e+01, 0., -3.84245992e+00, 1.05900002e+01,
    0., -3.77394009e+00, 1.06199999e+01, 0., -3.71018004e+00,
    1.06499996e+01, 0., -3.64642000e+00, 1.06800003e+01, 0.,
    -3.58115005e+00, 1.07100000e+01, 0., -3.53190994e+00, 1.07399998e+01,
    0., -3.46597004e+00, 1.07700005e+01, 0., -3.40796995e+00,
    1.08000002e+01, 0., -3.34997010e+00, 1.08299999e+01, 0.,
    -3.28627992e+00, 1.08599997e+01, 0., -3.24008012e+00, 1.08900003e+01,
    0., -3.17825007e+00, 1.09200001e+01, 0., -3.11573005e+00,
    1.09499998e+01, 0., -3.05321002e+00, 1.09799995e+01, 0.,
    -2.98905993e+00, 1.10100002e+01, 0., -2.94530010e+00, 1.10400000e+01,
    0., -2.88784003e+00, 1.10699997e+01, 0., -2.83319998e+00,
    1.11000004e+01, 0., -2.77855992e+00, 1.11300001e+01, 0.,
    -2.71221995e+00, 1.11599998e+01, 0., -2.66021991e+00, 1.11899996e+01,
    0., -2.59581995e+00, 1.12200003e+01, 0., -2.54629993e+00,
    1.12500000e+01, 0., -2.49677992e+00, 1.12799997e+01, 0.,
    -2.42865992e+00, 1.13100004e+01, 0., -2.37298012e+00, 1.13400002e+01,
    0., -2.30560994e+00, 1.13699999e+01, 0., -2.25904989e+00,
    1.13999996e+01, 0., -2.21249008e+00, 1.14300003e+01, 0.,
    -2.15452003e+00, 1.14600000e+01, 0., -2.10827994e+00, 1.14899998e+01,
    0., -2.05091000e+00, 1.15200005e+01, 0., -2.00531006e+00,
    1.15500002e+01, 0., -1.94307995e+00, 1.15799999e+01, 0.,
    -1.88715994e+00, 1.16099997e+01, 0., -1.83124006e+00, 1.16400003e+01,
    0., -1.77073002e+00, 1.16700001e+01, 0., -1.72732997e+00,
    1.16999998e+01, 0., -1.67230999e+00, 1.17299995e+01, 0.,
    -1.62739003e+00, 1.17600002e+01, 0., -1.57095003e+00, 1.17900000e+01,
    0., -1.52487004e+00, 1.18199997e+01, 0., -1.47879004e+00,
    1.18500004e+01, 0., -1.41420996e+00, 1.18800001e+01, 0.,
    -1.36120999e+00, 1.19099998e+01, 0., -1.29762995e+00, 1.19399996e+01,
    0., -1.24830997e+00, 1.19700003e+01, 0., -1.18847001e+00, 12., 0.,
    -1.14674997e+00, 1.20299997e+01, 0., -1.10502994e+00, 1.20600004e+01,
    0., -1.05017996e+00, 1.20900002e+01, 0., -1.00577998e+00,
    1.21199999e+01, 0., -9.51650023e-01, 1.21499996e+01, 0.,
    -9.09169972e-01, 1.21800003e+01, 0., -8.56260002e-01, 1.22100000e+01,
    0., -8.14180017e-01, 1.22399998e+01, 0., -7.57359982e-01,
    1.22700005e+01, 0., -6.98679984e-01, 1.23000002e+01, 0.,
    -6.39999986e-01, 1.23299999e+01, 0., -5.79360008e-01, 1.23599997e+01,
    0., -5.37679970e-01, 1.23900003e+01, 0., -4.84320015e-01,
    1.24200001e+01, 0., -4.40120012e-01, 1.24499998e+01, 0.,
    -3.86370003e-01, 1.24799995e+01, 0., -3.45330000e-01, 1.25100002e+01,
    0., -2.93929994e-01, 1.25400000e+01, 0., -2.52570003e-01,
    1.25699997e+01, 0., -2.11209998e-01, 1.26000004e+01, 0.,
    -1.58299997e-01, 1.26300001e+01, 0., -1.15740001e-01, 1.26599998e+01,
    0., -6.27800003e-02, 1.26899996e+01, 0., -2.06199996e-02,
    1.27200003e+01, 0., 3.16900015e-02, 1.27500000e+01, 0.,
    7.32899979e-02, 1.27799997e+01, 0., 1.24219999e-01, 1.28100004e+01,
    0., 1.63619995e-01, 1.28400002e+01, 0., 2.13850006e-01,
    1.28699999e+01, 0., 2.56929994e-01, 1.28999996e+01, 0.,
    3.09929997e-01, 1.29300003e+01, 0., 3.49570006e-01, 1.29600000e+01,
    0., 3.89209986e-01, 1.29899998e+01, 0., 4.37819988e-01,
    1.30200005e+01, 0., 4.76500005e-01, 1.30500002e+01, 0.,
    5.29799998e-01, 1.30799999e+01, 0., 5.75079978e-01, 1.31099997e+01,
    0., 6.27309978e-01, 1.31400003e+01, 0., 6.66750014e-01,
    1.31700001e+01, 0., 7.18100011e-01, 1.31999998e+01, 0.,
    7.61460006e-01, 1.32299995e+01, 0., 8.15729976e-01, 1.32600002e+01,
    0., 8.59130025e-01, 1.32900000e+01, 0., 9.11889970e-01,
    1.33199997e+01, 0., 9.49169993e-01, 1.33500004e+01, 0.,
    9.96840000e-01, 1.33800001e+01, 0., 1.03823996e+00, 1.34099998e+01,
    0., 1.07964003e+00, 1.34399996e+01, 0., 1.12844002e+00,
    1.34700003e+01, 0., 1.16680002e+00, 1.35000000e+01, 0.,
    1.21408999e+00, 1.35299997e+01, 0., 1.25156999e+00, 1.35600004e+01,
    0., 1.30252004e+00, 1.35900002e+01, 0., 1.34536004e+00,
    1.36199999e+01, 0., 1.39567006e+00, 1.36499996e+01, 0.,
    1.43414998e+00, 1.36800003e+01, 0., 1.48194003e+00, 1.37100000e+01,
    0., 1.51961994e+00, 1.37399998e+01, 0., 1.56877005e+00,
    1.37700005e+01, 0., 1.61045003e+00, 1.38000002e+01, 0.,
    1.65943003e+00, 1.38299999e+01, 0., 1.69479001e+00, 1.38599997e+01,
    0., 1.73925996e+00, 1.38900003e+01, 0., 1.77550006e+00,
    1.39200001e+01, 0., 1.82228005e+00, 1.39499998e+01, 0.,
    1.86420000e+00, 1.39799995e+01, 0., 1.91375995e+00, 1.40100002e+01,
    0., 1.94420004e+00, 1.40400000e+01, 0., 1.98382998e+00,
    1.40699997e+01, 0., 2.02030993e+00, 1.41000004e+01, 0.,
    2.06598997e+00, 1.41300001e+01, 0., 2.10246992e+00, 1.41599998e+01,
    0., 2.14888000e+00, 1.41899996e+01, 0., 2.18856001e+00,
    1.42200003e+01, 0., 2.22824001e+00, 1.42500000e+01, 0.,
    2.27196002e+00, 1.42799997e+01, 0., 2.30568004e+00, 1.43100004e+01,
    0., 2.35384989e+00, 1.43400002e+01, 0., 2.39352989e+00,
    1.43699999e+01, 0., 2.43413997e+00, 1.43999996e+01, 0.,
