%YAML:1.0
---
scan_line: [ 1.10699997e+01, 0., -2.06138897e+01, 1.11000004e+01, 0.,
    -2.05070095e+01, 1.11300001e+01, 0., -2.04001293e+01, 1.11899996e+01,
    0., -2.01615105e+01, 1.12200003e+01, 0., -2.00565109e+01,
    1.12500000e+01, 0., -1.99515095e+01, 1.12799997e+01, 0.,
    -1.98465099e+01, 1.13100004e+01, 0., -1.97222404e+01, 1.13400002e+01,
    0., -1.96312809e+01, 1.13699999e+01, 0., -1.95403194e+01,
    1.13999996e+01, 0., -1.94493599e+01, 1.14300003e+01, 0.,
    -1.93367901e+01, 1.14600000e+01, 0., -1.92483902e+01, 1.14899998e+01,
    0., -1.91599903e+01, 1.15200005e+01, 0., -1.90715904e+01,
    1.15500002e+01, 0., -1.89615707e+01, 1.15799999e+01, 0.,
    -1.88740101e+01, 1.16099997e+01, 0., -1.87864494e+01, 1.16400003e+01,
    0., -1.86988907e+01, 1.16700001e+01, 0., -1.85925503e+01,
    1.16999998e+01, 0., -1.85081902e+01, 1.17299995e+01, 0.,
    -1.84238300e+01, 1.17600002e+01, 0., -1.83171196e+01, 1.17900000e+01,
    0., -1.82280807e+01, 1.18199997e+01, 0., -1.81390400e+01,
    1.18500004e+01, 0., -1.80499992e+01, 1.18800001e+01, 0.,
    -1.79499207e+01, 1.19099998e+01, 0., -1.78759594e+01, 1.19399996e+01,
    0., -1.78020000e+01, 1.19700003e+01, 0., -1.77085495e+01, 12., 0.,
    -1.76327896e+01, 1.20299997e+01, 0., -1.75570297e+01, 1.20600004e+01,
    0., -1.74622898e+01, 1.20900002e+01, 0., -1.73868904e+01,
    1.21199999e+01, 0., -1.73114891e+01, 1.21499996e+01, 0.,
    -1.72151394e+01, 1.21800003e+01, 0., -1.71315804e+01, 1.22100000e+01,
    0., -1.70480194e+01, 1.22399998e+01, 0., -1.69644604e+01,
    1.22700005e+01, 0., -1.68693695e+01, 1.23000002e+01, 0.,
    -1.67984104e+01, 1.23299999e+01, 0., -1.67274494e+01, 1.23599997e+01,
    0., -1.66383495e+01, 1.23900003e+01, 0., -1.65669098e+01,
    1.24200001e+01, 0., -1.64954700e+01, 1.24499998e+01, 0.,
    -1.64050694e+01, 1.24799995e+01, 0., -1.63321896e+01, 1.25100002e+01,
    0., -1.62593098e+01, 1.25400000e+01, 0., -1.61710205e+01,
    1.25699997e+01, 0., -1.61019001e+01, 1.26000004e+01, 0.,
    -1.60327797e+01, 1.26300001e+01, 0., -1.59456301e+01, 1.26599998e+01,
    0., -1.58756704e+01, 1.26899996e+01, 0., -1.58057098e+01,
    1.27200003e+01, 0., -1.57200298e+01, 1.27500000e+01, 0.,
    -1.56525497e+01, 1.27799997e+01, 0., -1.55850697e+01, 1.28100004e+01,
    0., -1.55083599e+01, 1.28400002e+01, 0., -1.54510803e+01,
    1.28699999e+01, 0., -1.53781004e+01, 1.28999996e+01, 0.,
    -1.53155804e+01, 1.29300003e+01, 0., -1.52530603e+01, 1.29600000e+01,
    0., -1.51759396e+01, 1.29899998e+01, 0., -1.51179399e+01,
    1.30200005e+01, 0., -1.50599403e+01, 1.30500002e+01, 0.,
    -1.49802599e+01, 1.30799999e+01, 0., -1.49126997e+01, 1.31099997e+01,
    0., -1.48451405e+01, 1.31400003e+01, 0., -1.47594004e+01,
    1.31700001e+01, 0., -1.46906004e+01, 1.31999998e+01, 0.,
    -1.46090403e+01, 1.32299995e+01, 0., -1.45583200e+01, 1.32600002e+01,
    0., -1.45075998e+01, 1.32900000e+01, 0., -1.44377804e+01,
    1.33199997e+01, 0., -1.43742599e+01, 1.33500004e+01, 0.,
    -1.43107405e+01, 1.33800001e+01, 0., -1.42390099e+01, 1.34099998e+01,
    0., -1.41858501e+01, 1.34399996e+01, 0., -1.41162300e+01,
    1.34700003e+01, 0., -1.40505505e+01, 1.35000000e+01, 0.,
    -1.39848700e+01, 1.35299997e+01, 0., -1.39078398e+01, 1.35600004e+01,
    0., -1.38523998e+01, 1.35900002e+01, 0., -1.37809601e+01,
    1.36199999e+01, 0., -1.37172403e+01, 1.36499996e+01, 0.,
    -1.36535196e+01, 1.36800003e+01, 0., -1.35813398e+01, 1.37100000e+01,
    0., -1.35326595e+01, 1.37399998e+01, 0., -1.34839802e+01,
    1.37700005e+01, 0., -1.34074297e+01, 1.38000002e+01, 0.,
    -1.33431101e+01, 1.38299999e+01, 0., -1.32666502e+01, 1.38599997e+01,
    0., -1.32182503e+01, 1.38900003e+01, 0., -1.31698503e+01,
    1.39200001e+01, 0., -1.31058598e+01, 1.39499998e+01, 0.,
    -1.30529404e+01, 1.39799995e+01, 0., -1.29898300e+01, 1.40100002e+01,
    0., -1.29430304e+01, 1.40400000e+01, 0., -1.28962297e+01,
    1.40699997e+01, 0., -1.28162098e+01, 1.41000004e+01, 0.,
    -1.27479296e+01, 1.41300001e+01, 0., -1.26730003e+01, 1.41599998e+01,
    0., -1.26257601e+01, 1.41899996e+01, 0., -1.25785198e+01,
    1.42200003e+01, 0., -1.25165501e+01, 1.42500000e+01, 0.,
    -1.24664698e+01, 1.42799997e+01, 0., -1.24044104e+01, 1.43100004e+01,
    0., -1.23551702e+01, 1.43400002e+01, 0., -1.22884398e+01,
    1.43699999e+01, 0., -1.22290001e+01, 1.43999996e+01, 0.,
    -1.21695604e+01, 1.44300003e+01, 0., -1.21036396e+01, 1.44600000e+01,
    0., -1.20553999e+01, 1.44899998e+01, 0., -1.19972401e+01,
    1.45200005e+01, 0., -1.19534397e+01, 1.45500002e+01, 0.,
    -1.19096403e+01, 1.45799999e+01, 0., -1.18497801e+01, 1.46099997e+01,
    0., -1.18009396e+01, 1.46400003e+01, 0., -1.17409496e+01,
    1.46700001e+01, 0., -1.16935501e+01, 1.46999998e+01, 0.,
    -1.16281404e+01, 1.47299995e+01, 0., -1.15684996e+01, 1.47600002e+01,
    0., -1.15088596e+01, 1.47900000e+01, 0., -1.14450102e+01,
    1.48199997e+01, 0., -1.13997297e+01, 1.48500004e+01, 0.,
    -1.13420200e+01, 1.48800001e+01, 0., -1.12946997e+01, 1.49099998e+01,
    0., -1.12354698e+01, 1.49399996e+01, 0., -1.11881905e+01,
    1.49700003e+01, 0., -1.11409101e+01, 15., 0., -1.10838699e+01,
    1.50299997e+01, 0., -1.10387096e+01, 1.50600004e+01, 0.,
    -1.09822102e+01, 1.50900002e+01, 0., -1.09370899e+01, 1.51199999e+01,
    0., -1.08784904e+01, 1.51499996e+01, 0., -1.08290100e+01,
    1.51800003e+01, 0., -1.07693300e+01, 1.52100000e+01, 0.,
    -1.07288504e+01, 1.52399998e+01, 0., -1.06883698e+01, 1.52700005e+01,
    0., -1.06302795e+01, 1.53000002e+01, 0., -1.05823603e+01,
    1.53299999e+01, 0., -1.05258799e+01, 1.53599997e+01, 0.,
    -1.04825201e+01, 1.53900003e+01, 0., -1.04293299e+01, 1.54200001e+01,
    0., -1.03880901e+01, 1.54499998e+01, 0., -1.03321800e+01,
    1.54799995e+01, 0., -1.02736197e+01, 1.55100002e+01, 0.,
    -1.02150602e+01, 1.55400000e+01, 0., -1.01646795e+01, 1.55699997e+01,
    0., -1.01289997e+01, 1.56000004e+01, 0., -1.00739098e+01,
    1.56300001e+01, 0., -1.00243101e+01, 1.56599998e+01, 0.,
    -9.96730042e+00, 1.56899996e+01, 0., -9.92774010e+00, 1.57200003e+01,
    0., -9.87798977e+00, 1.57500000e+01, 0., -9.83798981e+00,
    1.57799997e+01, 0., -9.78732967e+00, 1.58100004e+01, 0.,
    -9.74497032e+00, 1.58400002e+01, 0., -9.70261002e+00, 1.58699999e+01,
    0., -9.64725018e+00, 1.58999996e+01, 0., -9.60252953e+00,
    1.59300003e+01, 0., -9.54662991e+00, 1.59600000e+01, 0.,
    -9.50191021e+00, 1.59899998e+01, 0., -9.44678020e+00, 1.60200005e+01,
    0., -9.40318012e+00, 1.60499992e+01, 0., -9.35149956e+00,
    1.60799999e+01, 0., -9.31365967e+00, 1.61100006e+01, 0.,
    -9.26484966e+00, 1.61399994e+01, 0., -9.22097015e+00, 1.61700001e+01,
    0., -9.16716003e+00, 1.62000008e+01, 0., -9.12763977e+00,
    1.62299995e+01, 0., -9.08812046e+00, 1.62600002e+01, 0.,
    -9.03835964e+00, 1.62900009e+01, 0., -8.99847984e+00, 1.63199997e+01,
    0., -8.94470024e+00, 1.63500004e+01, 0., -8.89962006e+00,
    1.63799992e+01, 0., -8.85077000e+00, 1.64099998e+01, 0.,
    -8.81577015e+00, 1.64400005e+01, 0., -8.76805973e+00, 1.64699993e+01,
    0., -8.72521973e+00, 1.65000000e+01, 0., -8.67407990e+00,
    1.65300007e+01, 0., -8.63607979e+00, 1.65599995e+01, 0.,
    -8.58563995e+00, 1.65900002e+01, 0., -8.54176044e+00, 1.66200008e+01,
    0., -8.48779964e+00, 1.66499996e+01, 0., -8.44764042e+00,
    1.66800003e+01, 0., -8.39768982e+00, 1.67099991e+01, 0.,
    -8.35861015e+00, 1.67399998e+01, 0., -8.31952953e+00, 1.67700005e+01,
    0., -8.26931953e+00, 1.67999992e+01, 0., -8.22896004e+00,
    1.68299999e+01, 0., -8.17846012e+00, 1.68600006e+01, 0.,
    -8.13813972e+00, 1.68899994e+01, 0., -8.09838963e+00, 1.69200001e+01,
    0., -8.07234955e+00, 1.69500008e+01, 0., -8.02943993e+00,
    1.69799995e+01, 0., -7.98960018e+00, 1.70100002e+01, 0.,
    -7.93621016e+00, 1.70400009e+01, 0., -7.89165020e+00, 1.70699997e+01,
    0., -7.83755016e+00, 1.71000004e+01, 0., -7.79518986e+00,
    1.71299992e+01, 0., -7.74469995e+00, 1.71599998e+01, 0.,
