%YAML:1.0
---
scan_line: [ 4.65000010e+00, 0., -2.85099602e+01, 4.67999983e+00, 0.,
    -2.84881592e+01, 4.80000019e+00, 0., -2.80885506e+01, 4.92000008e+00,
    0., -2.76675205e+01, 4.94999981e+00, 0., -2.75900002e+01,
    4.98000002e+00, 0., -2.75124798e+01, 5.01000023e+00, 0.,
    -2.74349594e+01, 5.09999990e+00, 0., -2.71070595e+01, 5.13000011e+00,
    0., -2.70019398e+01, 5.21999979e+00, 0., -2.66825104e+01,
    5.25000000e+00, 0., -2.66073093e+01, 5.28000021e+00, 0.,
    -2.65321102e+01, 5.30999994e+00, 0., -2.64569092e+01, 5.34000015e+00,
    0., -2.63545609e+01, 5.36999989e+00, 0., -2.62682400e+01,
    5.40000010e+00, 0., -2.61819191e+01, 5.42999983e+00, 0.,
    -2.60956001e+01, 5.46000004e+00, 0., -2.59881992e+01, 5.48999977e+00,
    0., -2.59027596e+01, 5.51999998e+00, 0., -2.58173199e+01,
    5.55000019e+00, 0., -2.57318802e+01, 5.57999992e+00, 0.,
    -2.56302395e+01, 5.61000013e+00, 0., -2.55554008e+01, 5.63999987e+00,
    0., -2.54805603e+01, 5.67000008e+00, 0., -2.54057198e+01,
    5.69999981e+00, 0., -2.53100700e+01, 5.73000002e+00, 0.,
    -2.52324295e+01, 5.76000023e+00, 0., -2.51547909e+01, 5.78999996e+00,
    0., -2.50771503e+01, 5.82000017e+00, 0., -2.49877796e+01,
    5.84999990e+00, 0., -2.49179401e+01, 5.88000011e+00, 0.,
    -2.48481007e+01, 5.90999985e+00, 0., -2.47604694e+01, 5.94000006e+00,
    0., -2.46897507e+01, 5.96999979e+00, 0., -2.46190300e+01, 6., 0.,
    -2.45483093e+01, 6.03000021e+00, 0., -2.44587193e+01, 6.05999994e+00,
    0., -2.43864403e+01, 6.09000015e+00, 0., -2.43141594e+01,
    6.11999989e+00, 0., -2.42207508e+01, 6.15000010e+00, 0.,
    -2.41425495e+01, 6.17999983e+00, 0., -2.40643501e+01, 6.21000004e+00,
    0., -2.39861507e+01, 6.23999977e+00, 0., -2.38960495e+01,
    6.26999998e+00, 0., -2.38281708e+01, 6.30000019e+00, 0.,
    -2.37602901e+01, 6.32999992e+00, 0., -2.36780701e+01, 6.36000013e+00,
    0., -2.36210709e+01, 6.38999987e+00, 0., -2.35640697e+01,
    6.42000008e+00, 0., -2.34907398e+01, 6.44999981e+00, 0.,
    -2.34255409e+01, 6.48000002e+00, 0., -2.33603401e+01, 6.51000023e+00,
    0., -2.32951393e+01, 6.53999996e+00, 0., -2.32128792e+01,
    6.57000017e+00, 0., -2.31469994e+01, 6.59999990e+00, 0.,
    -2.30811195e+01, 6.63000011e+00, 0., -2.29981098e+01, 6.65999985e+00,
    0., -2.29314709e+01, 6.69000006e+00, 0., -2.28648300e+01,
    6.71999979e+00, 0., -2.27850895e+01, 6.75000000e+00, 0.,
    -2.27255707e+01, 6.78000021e+00, 0., -2.26660500e+01, 6.80999994e+00,
    0., -2.25901203e+01, 6.84000015e+00, 0., -2.25276794e+01,
    6.86999989e+00, 0., -2.24652405e+01, 6.90000010e+00, 0.,
    -2.23859005e+01, 6.92999983e+00, 0., -2.23209400e+01, 6.96000004e+00,
    0., -2.22559795e+01, 6.98999977e+00, 0., -2.21803207e+01,
    7.01999998e+00, 0., -2.21266804e+01, 7.05000019e+00, 0.,
    -2.20730400e+01, 7.07999992e+00, 0., -2.19981499e+01, 7.11000013e+00,
    0., -2.19340706e+01, 7.13999987e+00, 0., -2.18699894e+01,
    7.17000008e+00, 0., -2.17998600e+01, 7.19999981e+00, 0.,
    -2.17491398e+01, 7.23000002e+00, 0., -2.16984196e+01, 7.26000023e+00,
    0., -2.16261997e+01, 7.28999996e+00, 0., -2.15638809e+01,
    7.32000017e+00, 0., -2.15015602e+01, 7.34999990e+00, 0.,
    -2.14311199e+01, 7.38000011e+00, 0., -2.13788795e+01, 7.40999985e+00,
    0., -2.13266392e+01, 7.44000006e+00, 0., -2.12578201e+01,
    7.46999979e+00, 0., -2.12021408e+01, 7.50000000e+00, 0.,
    -2.11318398e+01, 7.53000021e+00, 0., -2.10733604e+01, 7.55999994e+00,
    0., -2.10148792e+01, 7.59000015e+00, 0., -2.09466000e+01,
    7.61999989e+00, 0., -2.08979607e+01, 7.65000010e+00, 0.,
    -2.08493195e+01, 7.67999983e+00, 0., -2.07840309e+01, 7.71000004e+00,
    0., -2.07294693e+01, 7.73999977e+00, 0., -2.06749096e+01,
    7.76999998e+00, 0., -2.06044693e+01, 7.80000019e+00, 0.,
    -2.05477104e+01, 7.82999992e+00, 0., -2.04780006e+01, 7.86000013e+00,
    0., -2.04262409e+01, 7.88999987e+00, 0., -2.03744793e+01,
    7.92000008e+00, 0., -2.03029900e+01, 7.94999981e+00, 0.,
    -2.02422695e+01, 7.98000002e+00, 0., -2.01815491e+01, 8.01000023e+00,
    0., -2.01169701e+01, 8.03999996e+00, 0., -2.00713692e+01,
    8.06999969e+00, 0., -2.00257702e+01, 8.10000038e+00, 0.,
    -1.99680099e+01, 8.13000011e+00, 0., -1.99217300e+01, 8.15999985e+00,
    0., -1.98628902e+01, 8.18999958e+00, 0., -1.98146496e+01,
    8.22000027e+00, 0., -1.97664108e+01, 8.25000000e+00, 0.,
    -1.97053795e+01, 8.27999973e+00, 0., -1.96564999e+01, 8.31000042e+00,
    0., -1.95909901e+01, 8.34000015e+00, 0., -1.95333900e+01,
    8.36999989e+00, 0., -1.94757900e+01, 8.39999962e+00, 0.,
    -1.94093609e+01, 8.43000031e+00, 0., -1.93629608e+01, 8.46000004e+00,
    0., -1.93165607e+01, 8.48999977e+00, 0., -1.92572498e+01,
    8.52000046e+00, 0., -1.92095699e+01, 8.55000019e+00, 0.,
    -1.91510792e+01, 8.57999992e+00, 0., -1.91058006e+01, 8.60999966e+00,
    0., -1.90605202e+01, 8.64000034e+00, 0., -1.90042706e+01,
    8.67000008e+00, 0., -1.89593906e+01, 8.69999981e+00, 0.,
    -1.89033909e+01, 8.72999954e+00, 0., -1.88588696e+01, 8.76000023e+00,
    0., -1.88143501e+01, 8.78999996e+00, 0., -1.87581005e+01,
    8.81999969e+00, 0., -1.87129803e+01, 8.85000038e+00, 0.,
    -1.86542606e+01, 8.88000011e+00, 0., -1.86046600e+01, 8.90999985e+00,
    0., -1.85440998e+01, 8.93999958e+00, 0., -1.85003796e+01,
    8.97000027e+00, 0., -1.84566593e+01, 9., 0., -1.84015198e+01,
    9.02999973e+00, 0., -1.83571606e+01, 9.06000042e+00, 0.,
    -1.83015404e+01, 9.09000015e+00, 0., -1.82565804e+01, 9.11999989e+00,
    0., -1.82116203e+01, 9.14999962e+00, 0., -1.81576099e+01,
    9.18000031e+00, 0., -1.81156902e+01, 9.21000004e+00, 0.,
    -1.80625000e+01, 9.23999977e+00, 0., -1.80176201e+01, 9.27000046e+00,
    0., -1.79727402e+01, 9.30000019e+00, 0., -1.79151707e+01,
    9.32999992e+00, 0., -1.78684101e+01, 9.35999966e+00, 0.,
    -1.78139400e+01, 9.39000034e+00, 0., -1.77751408e+01, 9.42000008e+00,
    0., -1.77363396e+01, 9.44999981e+00, 0., -1.76784992e+01,
    9.47999954e+00, 0., -1.76303806e+01, 9.51000023e+00, 0.,
    -1.75711994e+01, 9.53999996e+00, 0., -1.75244808e+01, 9.56999969e+00,
    0., -1.74681206e+01, 9.60000038e+00, 0., -1.74295998e+01,
    9.63000011e+00, 0., -1.73910809e+01, 9.65999985e+00, 0.,
    -1.73343697e+01, 9.68999958e+00, 0., -1.72873707e+01, 9.72000027e+00,
    0., -1.72309799e+01, 9.75000000e+00, 0., -1.71936207e+01,
    9.77999973e+00, 0., -1.71562595e+01, 9.81000042e+00, 0.,
    -1.71016693e+01, 9.84000015e+00, 0., -1.70564709e+01, 9.86999989e+00,
    0., -1.70025902e+01, 9.89999962e+00, 0., -1.69627495e+01,
    9.93000031e+00, 0., -1.69123096e+01, 9.96000004e+00, 0.,
    -1.68699894e+01, 9.98999977e+00, 0., -1.68276691e+01, 1.00200005e+01,
    0., -1.67732792e+01, 1.00500002e+01, 0., -1.67295609e+01,
    1.00799999e+01, 0., -1.66777992e+01, 1.01099997e+01, 0.,
    -1.66399193e+01, 1.01400003e+01, 0., -1.65917797e+01, 1.01700001e+01,
    0., -1.65507393e+01, 1.01999998e+01, 0., -1.65097008e+01,
    1.02299995e+01, 0., -1.64626808e+01, 1.02600002e+01, 0.,
    -1.64259605e+01, 1.02900000e+01, 0., -1.63833599e+01, 1.03199997e+01,
    0., -1.63510399e+01, 1.03500004e+01, 0., -1.63062706e+01,
    1.03800001e+01, 0., -1.62653103e+01, 1.04099998e+01, 0.,
    -1.62135906e+01, 1.04399996e+01, 0., -1.61708698e+01, 1.04700003e+01,
    0., -1.61281509e+01, 1.05000000e+01, 0., -1.60762596e+01,
    1.05299997e+01, 0., -1.60351391e+01, 1.05600004e+01, 0.,
    -1.59843302e+01, 1.05900002e+01, 0., -1.59445295e+01, 1.06199999e+01,
    0., -1.58955603e+01, 1.06499996e+01, 0., -1.58591204e+01,
    1.06800003e+01, 0., -1.58226805e+01, 1.07100000e+01, 0.,
    -1.57837400e+01, 1.07399998e+01, 0., -1.57539396e+01, 1.07700005e+01,
    0., -1.57048903e+01, 1.08000002e+01, 0., -1.56633301e+01,
    1.08299999e+01, 0., -1.56077900e+01, 1.08599997e+01, 0.,
    -1.55615501e+01, 1.08900003e+01, 0., -1.55066404e+01, 1.09200001e+01,
    0., -1.54723196e+01, 1.09499998e+01, 0., -1.54379997e+01,
    1.09799995e+01, 0., -1.53954496e+01, 1.10100002e+01, 0.,
