%YAML:1.0
---
scan_line: [ 1.54499998e+01, 0., -1.82150707e+01, 1.54799995e+01, 0.,
    -1.81111107e+01, 1.55100002e+01, 0., -1.80071507e+01, 1.55400000e+01,
    0., -1.79031906e+01, 1.55699997e+01, 0., -1.77637005e+01,
    1.56000004e+01, 0., -1.76503391e+01, 1.56300001e+01, 0.,
    -1.75369797e+01, 1.56599998e+01, 0., -1.74236202e+01, 1.56899996e+01,
    0., -1.72910805e+01, 1.57200003e+01, 0., -1.71900005e+01,
    1.57500000e+01, 0., -1.70889206e+01, 1.57799997e+01, 0.,
    -1.69878407e+01, 1.58100004e+01, 0., -1.68633595e+01, 1.58400002e+01,
    0., -1.67642002e+01, 1.58699999e+01, 0., -1.66650391e+01,
    1.58999996e+01, 0., -1.65658798e+01, 1.59300003e+01, 0.,
    -1.64514408e+01, 1.59600000e+01, 0., -1.63617992e+01, 1.59899998e+01,
    0., -1.62721596e+01, 1.60200005e+01, 0., -1.61577606e+01,
    1.60499992e+01, 0., -1.60636806e+01, 1.60799999e+01, 0.,
    -1.59695997e+01, 1.61100006e+01, 0., -1.58523598e+01, 1.61399994e+01,
    0., -1.57600803e+01, 1.61700001e+01, 0., -1.56677999e+01,
    1.62000008e+01, 0., -1.55755196e+01, 1.62299995e+01, 0.,
    -1.54706602e+01, 1.62600002e+01, 0., -1.53923798e+01, 1.62900009e+01,
    0., -1.53141003e+01, 1.63199997e+01, 0., -1.52091103e+01,
    1.63500004e+01, 0., -1.51214705e+01, 1.63799992e+01, 0.,
    -1.50338297e+01, 1.64099998e+01, 0., -1.49284401e+01, 1.64400005e+01,
    0., -1.48464403e+01, 1.64699993e+01, 0., -1.47644396e+01,
    1.65000000e+01, 0., -1.46656303e+01, 1.65300007e+01, 0.,
    -1.45912704e+01, 1.65599995e+01, 0., -1.45169096e+01, 1.65900002e+01,
    0., -1.44220104e+01, 1.66200008e+01, 0., -1.43439703e+01,
    1.66499996e+01, 0., -1.42659302e+01, 1.66800003e+01, 0.,
    -1.41680202e+01, 1.67099991e+01, 0., -1.40895796e+01, 1.67399998e+01,
    0., -1.40111399e+01, 1.67700005e+01, 0., -1.39210300e+01,
    1.67999992e+01, 0., -1.38532696e+01, 1.68299999e+01, 0.,
    -1.37855101e+01, 1.68600006e+01, 0., -1.36823997e+01, 1.68899994e+01,
    0., -1.35963202e+01, 1.69200001e+01, 0., -1.35102396e+01,
    1.69500008e+01, 0., -1.34268599e+01, 1.69799995e+01, 0.,
    -1.33650198e+01, 1.70100002e+01, 0., -1.32831402e+01, 1.70400009e+01,
    0., -1.32123404e+01, 1.70699997e+01, 0., -1.31415396e+01,
    1.71000004e+01, 0., -1.30529604e+01, 1.71299992e+01, 0.,
    -1.29821997e+01, 1.71599998e+01, 0., -1.29114399e+01, 1.71900005e+01,
    0., -1.28208103e+01, 1.72199993e+01, 0., -1.27478905e+01,
    1.72500000e+01, 0., -1.26577902e+01, 1.72800007e+01, 0.,
    -1.25891895e+01, 1.73099995e+01, 0., -1.25205898e+01, 1.73400002e+01,
    0., -1.24382296e+01, 1.73700008e+01, 0., -1.23764696e+01,
    1.73999996e+01, 0., -1.22987204e+01, 1.74300003e+01, 0.,
    -1.22349596e+01, 1.74599991e+01, 0., -1.21711998e+01, 1.74899998e+01,
    0., -1.20884399e+01, 1.75200005e+01, 0., -1.20187597e+01,
    1.75499992e+01, 0., -1.19490805e+01, 1.75799999e+01, 0.,
    -1.18721504e+01, 1.76100006e+01, 0., -1.18160295e+01, 1.76399994e+01,
    0., -1.17405901e+01, 1.76700001e+01, 0., -1.16740303e+01,
    1.77000008e+01, 0., -1.16074696e+01, 1.77299995e+01, 0.,
    -1.15323801e+01, 1.77600002e+01, 0., -1.14767399e+01, 1.77900009e+01,
    0., -1.13998003e+01, 1.78199997e+01, 0., -1.13294802e+01,
    1.78500004e+01, 0., -1.12591600e+01, 1.78799992e+01, 0.,
    -1.11923599e+01, 1.79099998e+01, 0., -1.11431599e+01, 1.79400005e+01,
    0., -1.10807800e+01, 1.79699993e+01, 0., -1.10298595e+01, 18., 0.,
    -1.09616003e+01, 1.80300007e+01, 0., -1.08926001e+01, 1.80599995e+01,
    0., -1.08235998e+01, 1.80900002e+01, 0., -1.07497101e+01,
    1.81200008e+01, 0., -1.06973104e+01, 1.81499996e+01, 0.,
    -1.06246004e+01, 1.81800003e+01, 0., -1.05578804e+01, 1.82099991e+01,
    0., -1.04911604e+01, 1.82399998e+01, 0., -1.04254704e+01,
    1.82700005e+01, 0., -1.03765097e+01, 1.82999992e+01, 0.,
    -1.03123398e+01, 1.83299999e+01, 0., -1.02574997e+01, 1.83600006e+01,
    0., -1.01860704e+01, 1.83899994e+01, 0., -1.01255102e+01,
    1.84200001e+01, 0., -1.00649500e+01, 1.84500008e+01, 0.,
    -9.99419975e+00, 1.84799995e+01, 0., -9.94023991e+00, 1.85100002e+01,
    0., -9.87687016e+00, 1.85400009e+01, 0., -9.82835007e+00,
    1.85699997e+01, 0., -9.76070023e+00, 1.86000004e+01, 0.,
    -9.69826031e+00, 1.86299992e+01, 0., -9.63582039e+00, 1.86599998e+01,
    0., -9.56643009e+00, 1.86900005e+01, 0., -9.51558971e+00,
    1.87199993e+01, 0., -9.45436001e+00, 1.87500000e+01, 0.,
    -9.40664005e+00, 1.87800007e+01, 0., -9.34778023e+00, 1.88099995e+01,
    0., -9.30177975e+00, 1.88400002e+01, 0., -9.24417973e+00,
    1.88700008e+01, 0., -9.19789982e+00, 1.88999996e+01, 0.,
    -9.15161991e+00, 1.89300003e+01, 0., -9.07275963e+00, 1.89599991e+01,
    0., -9.00551987e+00, 1.89899998e+01, 0., -8.92978954e+00,
    1.90200005e+01, 0., -8.87919044e+00, 1.90499992e+01, 0.,
    -8.81927013e+00, 1.90799999e+01, 0., -8.77542973e+00, 1.91100006e+01,
    0., -8.72012043e+00, 1.91399994e+01, 0., -8.67432022e+00,
    1.91700001e+01, 0., -8.62852001e+00, 1.92000008e+01, 0.,
    -8.56655025e+00, 1.92299995e+01, 0., -8.51607037e+00, 1.92600002e+01,
    0., -8.45777035e+00, 1.92900009e+01, 0., -8.41209030e+00,
    1.93199997e+01, 0., -8.35620022e+00, 1.93500004e+01, 0.,
    -8.31223965e+00, 1.93799992e+01, 0., -8.25444031e+00, 1.94099998e+01,
    0., -8.20491982e+00, 1.94400005e+01, 0., -8.13819027e+00,
    1.94699993e+01, 0., -8.07915020e+00, 1.95000000e+01, 0.,
    -8.02011013e+00, 1.95300007e+01, 0., -7.96568012e+00, 1.95599995e+01,
    0., -7.92604017e+00, 1.95900002e+01, 0., -7.86681986e+00,
    1.96200008e+01, 0., -7.81754017e+00, 1.96499996e+01, 0.,
    -7.76078987e+00, 1.96800003e+01, 0., -7.71643019e+00, 1.97099991e+01,
    0., -7.65454006e+00, 1.97399998e+01, 0., -7.60165977e+00,
    1.97700005e+01, 0., -7.53831005e+00, 1.97999992e+01, 0.,
    -7.49103022e+00, 1.98299999e+01, 0., -7.43544006e+00, 1.98600006e+01,
    0., -7.39523983e+00, 1.98899994e+01, 0., -7.34232998e+00,
    1.99200001e+01, 0., -7.29149008e+00, 1.99500008e+01, 0.,
    -7.22995996e+00, 1.99799995e+01, 0., -7.18728018e+00, 2.00100002e+01,
    0., -7.14459991e+00, 2.00400009e+01, 0., -7.08722019e+00,
    2.00699997e+01, 0., -7.04057980e+00, 2.01000004e+01, 0.,
    -6.98746014e+00, 2.01299992e+01, 0., -6.94602013e+00, 2.01599998e+01,
    0., -6.89016008e+00, 2.01900005e+01, 0., -6.84467983e+00,
    2.02199993e+01, 0., -6.78980017e+00, 2.02500000e+01, 0.,
    -6.74700022e+00, 2.02800007e+01, 0., -6.69842005e+00, 2.03099995e+01,
    0., -6.66222000e+00, 2.03400002e+01, 0., -6.61036015e+00,
    2.03700008e+01, 0., -6.56536007e+00, 2.03999996e+01, 0.,
    -6.50916004e+00, 2.04300003e+01, 0., -6.46432018e+00, 2.04599991e+01,
    0., -6.41531992e+00, 2.04899998e+01, 0., -6.38471985e+00,
    2.05200005e+01, 0., -6.33735991e+00, 2.05499992e+01, 0.,
    -6.28859997e+00, 2.05799999e+01, 0., -6.23051023e+00, 2.06100006e+01,
    0., -6.18759012e+00, 2.06399994e+01, 0., -6.13468981e+00,
    2.06700001e+01, 0., -6.09328985e+00, 2.07000008e+01, 0.,
    -6.04130983e+00, 2.07299995e+01, 0., -5.99958992e+00, 2.07600002e+01,
    0., -5.94798994e+00, 2.07900009e+01, 0., -5.90750980e+00,
    2.08199997e+01, 0., -5.85597992e+00, 2.08500004e+01, 0.,
    -5.81177998e+00, 2.08799992e+01, 0., -5.75660992e+00, 2.09099998e+01,
    0., -5.71281004e+00, 2.09400005e+01, 0., -5.66222000e+00,
    2.09699993e+01, 0., -5.63509989e+00, 21., 0., -5.59584999e+00,
    2.10300007e+01, 0., -5.54745007e+00, 2.10599995e+01, 0.,
    -5.49103022e+00, 2.10900002e+01, 0., -5.45927000e+00, 2.11200008e+01,
    0., -5.41679001e+00, 2.11499996e+01, 0., -5.37422991e+00,
    2.11800003e+01, 0., -5.32098007e+00, 2.12099991e+01, 0.,
    -5.27846003e+00, 2.12399998e+01, 0., -5.22570992e+00, 2.12700005e+01,
    0., -5.18502998e+00, 2.12999992e+01, 0., -5.13331985e+00,
    2.13299999e+01, 0., -5.08943987e+00, 2.13600006e+01, 0.,
    -5.03968000e+00, 2.13899994e+01, 0., -5.01628017e+00, 2.14200001e+01,
    0., -4.97980022e+00, 2.14500008e+01, 0., -4.94208002e+00,
    2.14799995e+01, 0., -4.89131021e+00, 2.15100002e+01, 0.,
