%YAML:1.0
---
scan_line: [ 1.95000005e+00, 0., -1.27980604e+01, 1.98000002e+00, 0.,
    -1.27110996e+01, 2.00999999e+00, 0., -1.26241398e+01, 2.06999993e+00,
    0., -1.24392004e+01, 2.09999990e+00, 0., -1.23629999e+01,
    2.13000011e+00, 0., -1.22868004e+01, 2.16000009e+00, 0.,
    -1.22105999e+01, 2.22000003e+00, 0., -1.20355597e+01, 2.25000000e+00,
    0., -1.19570398e+01, 2.27999997e+00, 0., -1.18785200e+01,
    2.33999991e+00, 0., -1.17037201e+01, 2.36999989e+00, 0.,
    -1.16271200e+01, 2.40000010e+00, 0., -1.15505199e+01, 2.43000007e+00,
    0., -1.14739199e+01, 2.46000004e+00, 0., -1.13853302e+01,
    2.49000001e+00, 0., -1.13159304e+01, 2.51999998e+00, 0.,
    -1.12465296e+01, 2.54999995e+00, 0., -1.11771297e+01, 2.57999992e+00,
    0., -1.10901003e+01, 2.60999990e+00, 0., -1.10204201e+01,
    2.64000010e+00, 0., -1.09507399e+01, 2.67000008e+00, 0.,
    -1.08629103e+01, 2.70000005e+00, 0., -1.07903099e+01, 2.73000002e+00,
    0., -1.07177095e+01, 2.75999999e+00, 0., -1.06451101e+01,
    2.78999996e+00, 0., -1.05545502e+01, 2.81999993e+00, 0.,
    -1.04823103e+01, 2.84999990e+00, 0., -1.04100704e+01, 2.88000011e+00,
    0., -1.03378296e+01, 2.91000009e+00, 0., -1.02554398e+01,
    2.94000006e+00, 0., -1.01938801e+01, 2.97000003e+00, 0.,
    -1.01323204e+01, 3., 0., -1.00542498e+01, 3.02999997e+00, 0.,
    -9.98853016e+00, 3.05999994e+00, 0., -9.92280960e+00, 3.08999991e+00,
    0., -9.85709000e+00, 3.11999989e+00, 0., -9.77797031e+00,
    3.15000010e+00, 0., -9.71541023e+00, 3.18000007e+00, 0.,
    -9.65285015e+00, 3.21000004e+00, 0., -9.56772041e+00, 3.24000001e+00,
    0., -9.49604034e+00, 3.26999998e+00, 0., -9.42436028e+00,
    3.29999995e+00, 0., -9.35268021e+00, 3.32999992e+00, 0.,
    -9.27196026e+00, 3.35999990e+00, 0., -9.20923996e+00, 3.39000010e+00,
    0., -9.14651966e+00, 3.42000008e+00, 0., -9.07324982e+00,
    3.45000005e+00, 0., -9.01745033e+00, 3.48000002e+00, 0.,
    -8.96164989e+00, 3.50999999e+00, 0., -8.89093971e+00, 3.53999996e+00,
    0., -8.83386040e+00, 3.56999993e+00, 0., -8.77678013e+00,
    3.59999990e+00, 0., -8.70386982e+00, 3.63000011e+00, 0.,
    -8.64470959e+00, 3.66000009e+00, 0., -8.58555031e+00, 3.69000006e+00,
    0., -8.51107979e+00, 3.72000003e+00, 0., -8.45088005e+00,
    3.75000000e+00, 0., -8.39068031e+00, 3.77999997e+00, 0.,
    -8.31678009e+00, 3.80999994e+00, 0., -8.25938034e+00, 3.83999991e+00,
    0., -8.20197964e+00, 3.86999989e+00, 0., -8.13127995e+00,
    3.90000010e+00, 0., -8.07843971e+00, 3.93000007e+00, 0.,
    -8.02560043e+00, 3.96000004e+00, 0., -7.95718002e+00, 3.99000001e+00,
    0., -7.90121984e+00, 4.01999998e+00, 0., -7.84526014e+00,
    4.05000019e+00, 0., -7.77329016e+00, 4.07999992e+00, 0.,
    -7.71336985e+00, 4.11000013e+00, 0., -7.65345001e+00, 4.13999987e+00,
    0., -7.58372021e+00, 4.17000008e+00, 0., -7.53416014e+00,
    4.19999981e+00, 0., -7.48460007e+00, 4.23000002e+00, 0.,
    -7.41550016e+00, 4.26000023e+00, 0., -7.35654020e+00, 4.28999996e+00,
    0., -7.29757977e+00, 4.32000017e+00, 0., -7.23636007e+00,
    4.34999990e+00, 0., -7.18991995e+00, 4.38000011e+00, 0.,
    -7.12986994e+00, 4.40999985e+00, 0., -7.07555008e+00, 4.44000006e+00,
    0., -7.02123022e+00, 4.46999979e+00, 0., -6.95517015e+00,
    4.50000000e+00, 0., -6.90824986e+00, 4.53000021e+00, 0.,
    -6.86133003e+00, 4.55999994e+00, 0., -6.79328012e+00, 4.59000015e+00,
    0., -6.73383999e+00, 4.61999989e+00, 0., -6.67439985e+00,
    4.65000010e+00, 0., -6.61113024e+00, 4.67999983e+00, 0.,
    -6.56649017e+00, 4.71000004e+00, 0., -6.51044989e+00, 4.73999977e+00,
    0., -6.46501017e+00, 4.76999998e+00, 0., -6.41956997e+00,
    4.80000019e+00, 0., -6.35632992e+00, 4.82999992e+00, 0.,
    -6.30237007e+00, 4.86000013e+00, 0., -6.24841022e+00, 4.88999987e+00,
    0., -6.18636990e+00, 4.92000008e+00, 0., -6.13968992e+00,
    4.94999981e+00, 0., -6.07865000e+00, 4.98000002e+00, 0.,
    -6.02157021e+00, 5.01000023e+00, 0., -5.96448994e+00, 5.03999996e+00,
    0., -5.89923000e+00, 5.07000017e+00, 0., -5.85446978e+00,
    5.09999990e+00, 0., -5.80971003e+00, 5.13000011e+00, 0.,
    -5.75524998e+00, 5.15999985e+00, 0., -5.71200991e+00, 5.19000006e+00,
    0., -5.65137005e+00, 5.21999979e+00, 0., -5.59497023e+00,
    5.25000000e+00, 0., -5.53856993e+00, 5.28000021e+00, 0.,
    -5.47762012e+00, 5.30999994e+00, 0., -5.43410015e+00, 5.34000015e+00,
    0., -5.38020992e+00, 5.36999989e+00, 0., -5.33904982e+00,
    5.40000010e+00, 0., -5.29789019e+00, 5.42999983e+00, 0.,
    -5.24598980e+00, 5.46000004e+00, 0., -5.20426989e+00, 5.48999977e+00,
    0., -5.15070009e+00, 5.51999998e+00, 0., -5.10353994e+00,
    5.55000019e+00, 0., -5.05637980e+00, 5.57999992e+00, 0.,
    -4.99282980e+00, 5.61000013e+00, 0., -4.94107008e+00, 5.63999987e+00,
    0., -4.88930988e+00, 5.67000008e+00, 0., -4.83228016e+00,
    5.69999981e+00, 0., -4.78819990e+00, 5.73000002e+00, 0.,
    -4.73656988e+00, 5.76000023e+00, 0., -4.69716978e+00, 5.78999996e+00,
    0., -4.64688015e+00, 5.82000017e+00, 0., -4.60360003e+00,
    5.84999990e+00, 0., -4.56031990e+00, 5.88000011e+00, 0.,
    -4.50908995e+00, 5.90999985e+00, 0., -4.46868992e+00, 5.94000006e+00,
    0., -4.41625023e+00, 5.96999979e+00, 0., -4.37216997e+00, 6., 0.,
    -4.31815004e+00, 6.03000021e+00, 0., -4.27842999e+00, 6.05999994e+00,
    0., -4.23870993e+00, 6.09000015e+00, 0., -4.18753004e+00,
    6.11999989e+00, 0., -4.14581013e+00, 6.15000010e+00, 0.,
    -4.09064007e+00, 6.17999983e+00, 0., -4.04288006e+00, 6.21000004e+00,
    0., -3.99512005e+00, 6.23999977e+00, 0., -3.93366003e+00,
    6.26999998e+00, 0., -3.88421988e+00, 6.30000019e+00, 0.,
    -3.82805991e+00, 6.32999992e+00, 0., -3.78997993e+00, 6.36000013e+00,
    0., -3.75189996e+00, 6.38999987e+00, 0., -3.69946003e+00,
    6.42000008e+00, 0., -3.65662003e+00, 6.44999981e+00, 0.,
    -3.60500002e+00, 6.48000002e+00, 0., -3.56475997e+00, 6.51000023e+00,
    0., -3.51577997e+00, 6.53999996e+00, 0., -3.47833991e+00,
    6.57000017e+00, 0., -3.44090009e+00, 6.59999990e+00, 0.,
    -3.38784003e+00, 6.63000011e+00, 0., -3.34416008e+00, 6.65999985e+00,
    0., -3.29165006e+00, 6.69000006e+00, 0., -3.25084996e+00,
    6.71999979e+00, 0., -3.20035005e+00, 6.75000000e+00, 0.,
    -3.16055012e+00, 6.78000021e+00, 0., -3.11155009e+00, 6.80999994e+00,
    0., -3.07483006e+00, 6.84000015e+00, 0., -3.03811002e+00,
    6.86999989e+00, 0., -2.99071002e+00, 6.90000010e+00, 0.,
    -2.95198989e+00, 6.92999983e+00, 0., -2.90229988e+00, 6.96000004e+00,
    0., -2.86109996e+00, 6.98999977e+00, 0., -2.80952001e+00,
    7.01999998e+00, 0., -2.76808000e+00, 7.05000019e+00, 0.,
    -2.72663999e+00, 7.07999992e+00, 0., -2.67798996e+00, 7.11000013e+00,
    0., -2.63975000e+00, 7.13999987e+00, 0., -2.59079003e+00,
    7.17000008e+00, 0., -2.55102992e+00, 7.19999981e+00, 0.,
    -2.50587010e+00, 7.23000002e+00, 0., -2.47534990e+00, 7.26000023e+00,
    0., -2.43260002e+00, 7.28999996e+00, 0., -2.39287996e+00,
    7.32000017e+00, 0., -2.34591007e+00, 7.34999990e+00, 0.,
    -2.31695008e+00, 7.38000011e+00, 0., -2.28799009e+00, 7.40999985e+00,
    0., -2.24480009e+00, 7.44000006e+00, 0., -2.20892000e+00,
    7.46999979e+00, 0., -2.16261005e+00, 7.50000000e+00, 0.,
    -2.12485003e+00, 7.53000021e+00, 0., -2.07550001e+00, 7.55999994e+00,
    0., -2.03354001e+00, 7.59000015e+00, 0., -1.98381996e+00,
    7.61999989e+00, 0., -1.94746006e+00, 7.65000010e+00, 0.,
    -1.91110003e+00, 7.67999983e+00, 0., -1.85895002e+00, 7.71000004e+00,
    0., -1.81590998e+00, 7.73999977e+00, 0., -1.76880002e+00,
    7.76999998e+00, 0., -1.73248005e+00, 7.80000019e+00, 0.,
    -1.68418002e+00, 7.82999992e+00, 0., -1.64222002e+00, 7.86000013e+00,
    0., -1.60362005e+00, 7.88999987e+00, 0., -1.58938003e+00,
    7.92000008e+00, 0., -1.55309999e+00, 7.94999981e+00, 0.,
    -1.50197995e+00, 7.98000002e+00, 0., -1.44373000e+00, 8.01000023e+00,
    0., -1.41541004e+00, 8.03999996e+00, 0., -1.37817001e+00,
    8.06999969e+00, 0., -1.34273005e+00, 8.10000038e+00, 0.,
