%YAML:1.0
---
scan_line: [ -5.65683937e+01, 0., -1.01844454e+01, -5.65063896e+01, 0.,
    -1.01657705e+01, -5.64590607e+01, 0., -1.01927605e+01,
    -5.63794823e+01, 0., -1.01192913e+01, -5.63321533e+01, 0.,
    -1.01462803e+01, -5.62906570e+01, 0., -1.01915331e+01,
    -5.62257538e+01, 0., -1.01637268e+01, -5.61608734e+01, 0.,
    -1.01359215e+01, -5.61047516e+01, 0., -1.01355133e+01,
    -5.60369797e+01, 0., -1.00985785e+01, -5.59808769e+01, 0.,
    -1.00981703e+01, -5.59189529e+01, 0., -1.00794992e+01,
    -5.58831863e+01, 0., -1.01430120e+01, -5.58183594e+01, 0.,
    -1.01152086e+01, -5.57738457e+01, 0., -1.01513252e+01,
    -5.57032356e+01, 0., -1.01052608e+01, -5.56500244e+01, 0.,
    -1.01139841e+01, -5.55823898e+01, 0., -1.00770569e+01,
    -5.55176773e+01, 0., -1.00493202e+01, -5.54731445e+01, 0.,
    -1.00853806e+01, -5.54170799e+01, 0., -1.00849762e+01,
    -5.53409119e+01, 0., -1.00208092e+01, -5.52877274e+01, 0.,
    -1.00295067e+01, -5.52517548e+01, 0., -1.00928955e+01,
    -5.51956863e+01, 0., -1.00924911e+01, -5.50767174e+01, 0.,
    -9.89179897e+00, -5.50549774e+01, 0., -1.00005951e+01,
    -5.50046387e+01, 0., -1.00183916e+01, -5.49485893e+01, 0.,
    -1.00179882e+01, -5.49124870e+01, 0., -1.00813427e+01,
    -5.48450317e+01, 0., -1.00444813e+01, -5.47690926e+01, 0.,
    -9.98038292e+00, -5.47130585e+01, 0., -9.97998047e+00,
    -5.46655655e+01, 0., -1.00068789e+01, -5.46180573e+01, 0.,
    -1.00337772e+01, -5.45648689e+01, 0., -1.00424776e+01,
    -5.45003738e+01, 0., -1.00147820e+01, -5.44556618e+01, 0.,
    -1.00507784e+01, -5.43911819e+01, 0., -1.00230827e+01,
    -5.43295288e+01, 0., -1.00044880e+01, -5.42678947e+01, 0.,
    -9.98589325e+00, -5.42147102e+01, 0., -9.99459267e+00,
    -5.41502838e+01, 0., -9.96690083e+00, -5.40998955e+01, 0.,
    -9.98469925e+00, -5.40130577e+01, 0., -9.88422394e+00,
    -5.39738922e+01, 0., -9.93841362e+00, -5.39095154e+01, 0.,
    -9.91072273e+00, -5.38619270e+01, 0., -9.93761826e+00,
    -5.37975616e+01, 0., -9.90992832e+00, -5.37555656e+01, 0.,
    -9.95502281e+00, -5.36773224e+01, 0., -9.88185120e+00,
    -5.36046906e+01, 0., -9.82687664e+00, -5.35626755e+01, 0.,
    -9.87196922e+00, -5.35011902e+01, 0., -9.85338306e+00,
    -5.34535942e+01, 0., -9.88028145e+00, -5.33838043e+01, 0.,
    -9.83440590e+00, -5.33500404e+01, 0., -9.90678596e+00,
    -5.32802658e+01, 0., -9.86091137e+00, -5.32160492e+01, 0.,
    -9.83323002e+00, -5.31463318e+01, 0., -9.78735733e+00,
    -5.31042137e+01, 0., -9.83244514e+00, -5.30538063e+01, 0.,
    -9.85024643e+00, -5.29786186e+01, 0., -9.78618240e+00,
    -5.29199677e+01, 0., -9.77669525e+00, -5.28640671e+01, 0.,
    -9.77630424e+00, -5.28082008e+01, 0., -9.77591801e+00,
    -5.27605591e+01, 0., -9.80281830e+00, -5.27046852e+01, 0.,
    -9.80243111e+00, -5.26406059e+01, 0., -9.77475834e+00,
    -5.25792809e+01, 0., -9.75618172e+00, -5.25098190e+01, 0.,
    -9.71047020e+00, -5.24784660e+01, 0., -9.79179001e+00,
    -5.24198723e+01, 0., -9.78230667e+00, -5.23504181e+01, 0.,
    -9.73650742e+00, -5.23081360e+01, 0., -9.78153419e+00,
    -5.22495575e+01, 0., -9.77205276e+00, -5.21693459e+01, 0.,
    -9.69002724e+00, -5.21297035e+01, 0., -9.74402809e+00,
    -5.20711517e+01, 0., -9.73457718e+00, -5.20099106e+01, 0.,
    -9.71606255e+00, -5.19298363e+01, 0., -9.63410187e+00,
    -5.18955612e+01, 0., -9.70623207e+00, -5.18504944e+01, 0.,
    -9.74210739e+00, -5.17919922e+01, 0., -9.73266125e+00,
    -5.17227707e+01, 0., -9.68696308e+00, -5.16696472e+01, 0.,
    -9.69564629e+00, -5.16084862e+01, 0., -9.67713928e+00,
    -5.15446701e+01, 0., -9.64956856e+00, -5.14888802e+01, 0.,
    -9.64918900e+00, -5.14437523e+01, 0., -9.68506050e+00,
    -5.13852844e+01, 0., -9.67561722e+00, -5.13321457e+01, 0.,
    -9.68429947e+00, -5.12524185e+01, 0., -9.60235500e+00,
    -5.11966400e+01, 0., -9.60197544e+00, -5.11382103e+01, 0.,
    -9.59253311e+00, -5.10930328e+01, 0., -9.62840271e+00,
    -5.10266609e+01, 0., -9.59177399e+00, -5.09841385e+01, 0.,
    -9.63671112e+00, -5.09204636e+01, 0., -9.60914993e+00,
    -5.08594398e+01, 0., -9.59065151e+00, -5.07957916e+01, 0.,
    -9.56309223e+00, -5.07558517e+01, 0., -9.61708832e+00,
    -5.06895866e+01, 0., -9.58046722e+00, -5.06285934e+01, 0.,
    -9.56196976e+00, -5.05676193e+01, 0., -9.54347324e+00,
    -5.05118904e+01, 0., -9.54309940e+00, -5.04640160e+01, 0.,
    -9.56991005e+00, -5.03925896e+01, 0., -9.51516819e+00,
    -5.03368683e+01, 0., -9.51479530e+00, -5.02889786e+01, 0.,
    -9.54160500e+00, -5.02202187e+01, 0., -9.49592686e+00,
    -5.01593018e+01, 0., -9.47743225e+00, -5.01165962e+01, 0.,
    -9.52236176e+00, -5.00401268e+01, 0., -9.44950962e+00,
    -5.00000343e+01, 0., -9.50350380e+00, -4.99495316e+01, 0.,
    -9.52125740e+00, -4.98860741e+01, 0., -9.49370861e+00,
    -4.98252258e+01, 0., -9.47521973e+00, -4.97618027e+01, 0.,
    -9.44767189e+00, -4.97190399e+01, 0., -9.49260521e+00,
    -4.96582031e+01, 0., -9.47411728e+00, -4.96128311e+01, 0.,
    -9.50998878e+00, -4.95442886e+01, 0., -9.46432304e+00,
    -4.94783554e+01, 0., -9.42777729e+00, -4.94150238e+01, 0.,
    -9.40032101e+00, -4.93772736e+01, 0., -9.46321964e+00,
    -4.93062706e+01, 0., -9.40861702e+00, -4.92480659e+01, 0.,
    -9.39922047e+00, -4.92077026e+01, 0., -9.45305824e+00,
    -4.91622810e+01, 0., -9.48893166e+00, -4.90938873e+01, 0.,
    -9.44327545e+00, -4.90382500e+01, 0., -9.44291401e+00,
    -4.89699440e+01, 0., -9.39740849e+00, -4.89067268e+01, 0.,
    -9.36996078e+00, -4.88612366e+01, 0., -9.40571404e+00,
    -4.87955093e+01, 0., -9.36923981e+00, -4.87449493e+01, 0.,
    -9.38693523e+00, -4.86943741e+01, 0., -9.40463066e+00,
    -4.86286774e+01, 0., -9.36815643e+00, -4.85680428e+01, 0.,
    -9.34973907e+00, -4.85124359e+01, 0., -9.34937859e+00,
    -4.84643631e+01, 0., -9.37610149e+00, -4.83987198e+01, 0.,
    -9.33963013e+00, -4.83456230e+01, 0., -9.34829712e+00,
    -4.82825165e+01, 0., -9.32085323e+00, -4.82194557e+01, 0.,
    -9.29341602e+00, -4.81614075e+01, 0., -9.28403473e+00,
    -4.81108398e+01, 0., -9.30173492e+00, -4.80627518e+01, 0.,
    -9.32846165e+00, -4.79972382e+01, 0., -9.29199791e+00,
    -4.79466476e+01, 0., -9.30969810e+00, -4.78786850e+01, 0.,
    -9.26420975e+00, -4.78280945e+01, 0., -9.28190804e+00,
    -4.77651138e+01, 0., -9.25447464e+00, -4.76996803e+01, 0.,
    -9.21801472e+00, -4.76540298e+01, 0., -9.25376606e+00,
    -4.75886154e+01, 0., -9.21730709e+00, -4.75380135e+01, 0.,
    -9.23500633e+00, -4.74775505e+01, 0., -9.21659946e+00,
    -4.74244766e+01, 0., -9.22527218e+00, -4.73787651e+01, 0.,
    -9.26102257e+00, -4.73158913e+01, 0., -9.23359585e+00,
    -4.72750816e+01, 0., -9.28740215e+00, -4.71999817e+01, 0.,
    -9.21484947e+00, -4.71322594e+01, 0., -9.16937351e+00,
    -4.70889816e+01, 0., -9.21415329e+00, -4.70383568e+01, 0.,
    -9.23185635e+00, -4.69731064e+01, 0., -9.19540787e+00,
    -4.69151764e+01, 0., -9.18603516e+00, -4.68596802e+01, 0.,
    -9.18568802e+00, -4.68041916e+01, 0., -9.18533993e+00,
    -4.67486954e+01, 0., -9.18499279e+00, -4.66932030e+01, 0.,
    -9.18464565e+00, -4.66377106e+01, 0., -9.18429756e+00,
    -4.65629196e+01, 0., -9.11184311e+00, -4.65146637e+01, 0.,
    -9.13848019e+00, -4.64712334e+01, 0., -9.18325520e+00,
    -4.64085503e+01, 0., -9.15583992e+00, -4.63434944e+01, 0.,
    -9.11946201e+00, -4.62976418e+01, 0., -9.15515804e+00,
    -4.62349968e+01, 0., -9.12777519e+00, -4.61771660e+01, 0.,
    -9.11843967e+00, -4.61169548e+01, 0., -9.10011101e+00,
    -4.60662842e+01, 0., -9.11775875e+00, -4.60037003e+01, 0.,
    -9.09043694e+00, -4.59577713e+01, 0., -9.12607098e+00,
    -4.58857117e+01, 0., -9.06277466e+00, -4.58350258e+01, 0.,
    -9.08042145e+00, -4.57701263e+01, 0., -9.04410744e+00,
    -4.57194328e+01, 0., -9.06175423e+00, -4.56545601e+01, 0.,
    -9.02544117e+00, -4.55991478e+01, 0., -9.02510071e+00,
    -4.55508041e+01, 0., -9.05174065e+00, -4.54930573e+01, 0.,
    -9.04241276e+00, -4.54306107e+01, 0., -9.01510143e+00,
