%YAML:1.0
---
scan_line: [ -5.65478172e+01, 0., -1.01205158e+01, -5.64946404e+01, 0.,
    -1.01292400e+01, -5.64209290e+01, 0., -1.00740366e+01,
    -5.63619080e+01, 0., -1.00645266e+01, -5.63145866e+01, 0.,
    -1.00914850e+01, -5.62818832e+01, 0., -1.01641350e+01,
    -5.62052994e+01, 0., -1.00998020e+01, -5.61433563e+01, 0.,
    -1.00811300e+01, -5.60814362e+01, 0., -1.00624886e+01,
    -5.60166245e+01, 0., -1.00347757e+01, -5.59808769e+01, 0.,
    -1.00981703e+01, -5.59044533e+01, 0., -1.00339622e+01,
    -5.58541565e+01, 0., -1.00517569e+01, -5.58038483e+01, 0.,
    -1.00695515e+01, -5.57448616e+01, 0., -1.00600433e+01,
    -5.56829987e+01, 0., -1.00414333e+01, -5.56326752e+01, 0.,
    -1.00592279e+01, -5.55708580e+01, 0., -1.00406227e+01,
    -5.55119247e+01, 0., -1.00311193e+01, -5.54616241e+01, 0.,
    -1.00489178e+01, -5.54055710e+01, 0., -1.00485134e+01,
    -5.53265648e+01, 0., -9.97530746e+00, -5.52590637e+01, 0.,
    -9.93850422e+00, -5.52345467e+01, 0., -1.00382042e+01,
    -5.51727753e+01, 0., -1.00195999e+01, -5.50624313e+01, 0.,
    -9.84630013e+00, -5.50464058e+01, 0., -9.97329521e+00,
    -5.49903793e+01, 0., -9.97289276e+00, -5.49172478e+01, 0.,
    -9.91789341e+00, -5.48783112e+01, 0., -9.97208786e+00,
    -5.48165970e+01, 0., -9.95348740e+00, -5.47492065e+01, 0.,
    -9.91668797e+00, -5.47017059e+01, 0., -9.94358444e+00,
    -5.46287079e+01, 0., -9.88859081e+00, -5.45982361e+01, 0.,
    -9.97008514e+00, -5.45252609e+01, 0., -9.91509438e+00,
    -5.44749374e+01, 0., -9.93289375e+00, -5.44415436e+01, 0.,
    -1.00052853e+01, -5.43629684e+01, 0., -9.93209934e+00,
    -5.43069878e+01, 0., -9.93170166e+00, -5.42453766e+01, 0.,
    -9.91310692e+00, -5.41837769e+01, 0., -9.89451408e+00,
    -5.41334229e+01, 0., -9.91231251e+00, -5.40858688e+01, 0.,
    -9.93920898e+00, -5.40074501e+01, 0., -9.86602783e+00,
    -5.39570885e+01, 0., -9.88382721e+00, -5.38927231e+01, 0.,
    -9.85613728e+00, -5.38395653e+01, 0., -9.86483765e+00,
    -5.37863922e+01, 0., -9.87353897e+00, -5.37416229e+01, 0.,
    -9.90953541e+00, -5.36689606e+01, 0., -9.85455894e+00,
    -5.36019058e+01, 0., -9.81777954e+00, -5.35515556e+01, 0.,
    -9.83558083e+00, -5.34928589e+01, 0., -9.82609272e+00,
    -5.34480438e+01, 0., -9.86208725e+00, -5.33727112e+01, 0.,
    -9.79801941e+00, -5.33472710e+01, 0., -9.89768982e+00,
    -5.32719650e+01, 0., -9.83362198e+00, -5.32049942e+01, 0.,
    -9.79684448e+00, -5.31380463e+01, 0., -9.76006794e+00,
    -5.30876656e+01, 0., -9.77786922e+00, -5.30372772e+01, 0.,
    -9.79567051e+00, -5.29703636e+01, 0., -9.75889587e+00,
    -5.28952866e+01, 0., -9.69504356e+00, -5.28585739e+01, 0.,
    -9.75811291e+00, -5.28027153e+01, 0., -9.75772667e+00,
    -5.27441254e+01, 0., -9.74827480e+00, -5.26828117e+01, 0.,
    -9.72975731e+00, -5.26133308e+01, 0., -9.68404579e+00,
    -5.25738335e+01, 0., -9.73805141e+00, -5.24962158e+01, 0.,
    -9.66514587e+00, -5.24485397e+01, 0., -9.69195557e+00,
    -5.23981285e+01, 0., -9.70969963e+00, -5.23314400e+01, 0.,
    -9.67305470e+00, -5.22810211e+01, 0., -9.69079781e+00,
    -5.22387123e+01, 0., -9.73573494e+00, -5.21612358e+01, 0.,
    -9.66283417e+00, -5.21135063e+01, 0., -9.68964195e+00,
    -5.20576668e+01, 0., -9.68925667e+00, -5.19964371e+01, 0.,
    -9.67074299e+00, -5.19352188e+01, 0., -9.65222931e+00,
    -5.18928757e+01, 0., -9.69716835e+00, -5.18424339e+01, 0.,
    -9.71491623e+00, -5.17597961e+01, 0., -9.62389851e+00,
    -5.17040100e+01, 0., -9.62351894e+00, -5.16482239e+01, 0.,
    -9.62313938e+00, -5.15924416e+01, 0., -9.62275887e+00,
    -5.15313110e+01, 0., -9.60425282e+00, -5.14728661e+01, 0.,
    -9.59480953e+00, -5.14144249e+01, 0., -9.58536720e+00,
    -5.13746338e+01, 0., -9.63936615e+00, -5.13188438e+01, 0.,
    -9.63898563e+00, -5.12364807e+01, 0., -9.54797935e+00,
    -5.11833687e+01, 0., -9.55666256e+00, -5.11302567e+01, 0.,
    -9.56534576e+00, -5.10850868e+01, 0., -9.60121632e+00,
    -5.10187225e+01, 0., -9.56458759e+00, -5.09709206e+01, 0.,
    -9.59140015e+00, -5.09072571e+01, 0., -9.56383896e+00,
    -5.08462563e+01, 0., -9.54534149e+00, -5.07720795e+01, 0.,
    -9.48153496e+00, -5.07321663e+01, 0., -9.53553295e+00,
    -5.06711807e+01, 0., -9.51703548e+00, -5.06154633e+01, 0.,
    -9.51666164e+00, -5.05544968e+01, 0., -9.49816513e+00,
    -5.05014038e+01, 0., -9.50685310e+00, -5.04430695e+01, 0.,
    -9.49741936e+00, -5.03795166e+01, 0., -9.46986294e+00,
    -5.03264198e+01, 0., -9.47854996e+00, -5.02707138e+01, 0.,
    -9.47817707e+00, -5.02176132e+01, 0., -9.48686504e+00,
    -5.01514893e+01, 0., -9.45024967e+00, -5.01139946e+01, 0.,
    -9.51330185e+00, -5.00453224e+01, 0., -9.46763039e+00,
    -4.99948387e+01, 0., -9.48538303e+00, -4.99391632e+01, 0.,
    -9.48501587e+00, -4.98808975e+01, 0., -9.47558784e+00,
    -4.98148842e+01, 0., -9.43900967e+00, -4.97463531e+01, 0.,
    -9.39349174e+00, -4.97061386e+01, 0., -9.44730568e+00,
    -4.96401939e+01, 0., -9.41081810e+00, -4.95999603e+01, 0.,
    -9.46469021e+00, -4.95288849e+01, 0., -9.41008472e+00,
    -4.94706726e+01, 0., -9.40068817e+00, -4.94150238e+01, 0.,
    -9.40032101e+00, -4.93721428e+01, 0., -9.44510078e+00,
    -4.92858582e+01, 0., -9.33638287e+00, -4.92353249e+01, 0.,
    -9.35407448e+00, -4.91847763e+01, 0., -9.37176609e+00,
    -4.91342583e+01, 0., -9.38946342e+00, -4.90710182e+01, 0.,
    -9.36201572e+00, -4.90154152e+01, 0., -9.36165524e+00,
    -4.89623337e+01, 0., -9.37032223e+00, -4.88966026e+01, 0.,
    -9.33384705e+00, -4.88485947e+01, 0., -9.36057281e+00,
    -4.87778244e+01, 0., -9.30604172e+00, -4.87323303e+01, 0.,
    -9.34179306e+00, -4.86691666e+01, 0., -9.31434822e+00,
    -4.86186104e+01, 0., -9.33204460e+00, -4.85554619e+01, 0.,
    -9.30459976e+00, -4.84998703e+01, 0., -9.30423927e+00,
    -4.84568329e+01, 0., -9.34901810e+00, -4.83911972e+01, 0.,
    -9.31254578e+00, -4.83255920e+01, 0., -9.27607632e+00,
    -4.82700119e+01, 0., -9.27571583e+00, -4.82019730e+01, 0.,
    -9.23022461e+00, -4.81564140e+01, 0., -9.26598072e+00,
    -4.81083488e+01, 0., -9.29270744e+00, -4.80527954e+01, 0.,
    -9.29235268e+00, -4.79997215e+01, 0., -9.30102539e+00,
    -4.79342308e+01, 0., -9.26456356e+00, -4.78687592e+01, 0.,
    -9.22810173e+00, -4.78206558e+01, 0., -9.25482845e+00,
    -4.77576904e+01, 0., -9.22739410e+00, -4.76897888e+01, 0.,
    -9.18190765e+00, -4.76441498e+01, 0., -9.21766090e+00,
    -4.75688820e+01, 0., -9.14509678e+00, -4.75158310e+01, 0.,
    -9.15377045e+00, -4.74578590e+01, 0., -9.14439106e+00,
    -4.74072647e+01, 0., -9.16208935e+00, -4.73591156e+01, 0.,
    -9.18881512e+00, -4.72938156e+01, 0., -9.15236473e+00,
    -4.72505798e+01, 0., -9.19714546e+00, -4.71804047e+01, 0.,
    -9.14264488e+00, -4.71200485e+01, 0., -9.12430573e+00,
    -4.70743294e+01, 0., -9.15999985e+00, -4.70139694e+01, 0.,
    -9.14160347e+00, -4.69657974e+01, 0., -9.16833115e+00,
    -4.69005890e+01, 0., -9.13191414e+00, -4.68475342e+01, 0.,
    -9.14056206e+00, -4.67920532e+01, 0., -9.14021492e+00,
    -4.67365761e+01, 0., -9.13986778e+00, -4.66907845e+01, 0.,
    -9.17562008e+00, -4.66207962e+01, 0., -9.12118435e+00,
    -4.65581017e+01, 0., -9.09385300e+00, -4.65050430e+01, 0.,
    -9.10250092e+00, -4.64567795e+01, 0., -9.12913895e+00,
    -4.63797417e+01, 0., -9.04784775e+00, -4.63219223e+01, 0.,
    -9.03851223e+00, -4.62736893e+01, 0., -9.06515598e+00,
    -4.62206535e+01, 0., -9.07381058e+00, -4.61604500e+01, 0.,
    -9.05548191e+00, -4.61002579e+01, 0., -9.03715324e+00,
    -4.60472221e+01, 0., -9.04580688e+00, -4.59846649e+01, 0.,
    -9.01848602e+00, -4.59316330e+01, 0., -9.02714062e+00,
    -4.58762169e+01, 0., -9.02680016e+00, -4.58255463e+01, 0.,
    -9.04444695e+00, -4.57582855e+01, 0., -8.99914074e+00,
    -4.57099724e+01, 0., -9.02578068e+00, -4.56474724e+01, 0.,
    -8.99846172e+00, -4.55920639e+01, 0., -8.99812222e+00,
    -4.55366592e+01, 0., -8.99778271e+00, -4.54812813e+01, 0.,
    -8.99744892e+00, -4.54141541e+01, 0., -8.95215225e+00,
