%YAML:1.0
---
scan_line: [ -5.65038300e+01, 0., -9.98382568e+00, -5.64301987e+01, 0.,
    -9.92880344e+00, -5.63829193e+01, 0., -9.95570469e+00,
    -5.63327026e+01, 0., -9.97350311e+00, -5.62562103e+01, 0.,
    -9.90938187e+00, -5.62380600e+01, 0., -1.00273027e+01,
    -5.61615906e+01, 0., -9.96318245e+00, -5.61055260e+01, 0.,
    -9.96277523e+00, -5.60378342e+01, 0., -9.92596245e+00,
    -5.59817810e+01, 0., -9.92555618e+00, -5.59199295e+01, 0.,
    -9.90694714e+00, -5.58551903e+01, 0., -9.87923717e+00,
    -5.58136253e+01, 0., -9.92433834e+00, -5.57633591e+01, 0.,
    -9.94213390e+00, -5.57101898e+01, 0., -9.95083046e+00,
    -5.56570168e+01, 0., -9.95952415e+00, -5.55865326e+01, 0.,
    -9.91361427e+00, -5.55334015e+01, 0., -9.92231274e+00,
    -5.54773865e+01, 0., -9.92191124e+00, -5.54213753e+01, 0.,
    -9.92150879e+00, -5.53567467e+01, 0., -9.89380646e+00,
    -5.52892609e+01, 0., -9.85700417e+00, -5.52304039e+01, 0.,
    -9.84750175e+00, -5.51944542e+01, 0., -9.91080284e+00,
    -5.51184235e+01, 0., -9.84670067e+00, -5.50310211e+01, 0.,
    -9.74629116e+00, -5.50035820e+01, 0., -9.83679962e+00,
    -5.49675598e+01, 0., -9.90009594e+00, -5.48916016e+01, 0.,
    -9.83599758e+00, -5.48413086e+01, 0., -9.85379601e+00,
    -5.47910004e+01, 0., -9.87159348e+00, -5.47207985e+01, 0.,
    -9.82569599e+00, -5.46704903e+01, 0., -9.84349346e+00,
    -5.46088638e+01, 0., -9.82489872e+00, -5.45585823e+01, 0.,
    -9.84270096e+00, -5.44969635e+01, 0., -9.82410622e+00,
    -5.44438438e+01, 0., -9.83280849e+00, -5.44104843e+01, 0.,
    -9.90520096e+00, -5.43093834e+01, 0., -9.75925827e+00,
    -5.42647247e+01, 0., -9.79522514e+00, -5.41947250e+01, 0.,
    -9.74939823e+00, -5.41444054e+01, 0., -9.76713943e+00,
    -5.40856705e+01, 0., -9.75767612e+00, -5.40381546e+01, 0.,
    -9.78454399e+00, -5.39626389e+01, 0., -9.72061348e+00,
    -5.39178886e+01, 0., -9.75648880e+00, -5.38480148e+01, 0.,
    -9.71075535e+00, -5.38088188e+01, 0., -9.76476574e+00,
    -5.37473221e+01, 0., -9.74623489e+00, -5.37137260e+01, 0.,
    -9.81856251e+00, -5.36355438e+01, 0., -9.74545383e+00,
    -5.35741043e+01, 0., -9.72692871e+00, -5.35237694e+01, 0.,
    -9.74467182e+00, -5.34568024e+01, 0., -9.70801353e+00,
    -5.34202957e+01, 0., -9.77112007e+00, -5.33422852e+01, 0.,
    -9.69816589e+00, -5.33140411e+01, 0., -9.78853035e+00,
    -5.32360497e+01, 0., -9.71551895e+00, -5.31801682e+01, 0.,
    -9.71512794e+00, -5.31050301e+01, 0., -9.65127373e+00,
    -5.30601616e+01, 0., -9.68714905e+00, -5.29933090e+01, 0.,
    -9.65049458e+00, -5.29429359e+01, 0., -9.66823673e+00,
    -5.28569260e+01, 0., -9.56812382e+00, -5.28229904e+01, 0.,
    -9.64025974e+00, -5.27671661e+01, 0., -9.63987541e+00,
    -5.27195435e+01, 0., -9.66668606e+00, -5.26446075e+01, 0.,
    -9.60284424e+00, -5.25860748e+01, 0., -9.59339333e+00,
    -5.25329895e+01, 0., -9.60207462e+00, -5.24554138e+01, 0.,
    -9.52917099e+00, -5.24132156e+01, 0., -9.57411098e+00,
    -5.23655548e+01, 0., -9.60092163e+00, -5.22880516e+01, 0.,
    -9.52801991e+00, -5.22322617e+01, 0., -9.52763557e+00,
    -5.21900024e+01, 0., -9.57257462e+00, -5.21315002e+01, 0.,
    -9.56312656e+00, -5.20784035e+01, 0., -9.57180595e+00,
    -5.20037231e+01, 0., -9.50797367e+00, -5.19452438e+01, 0.,
    -9.49852562e+00, -5.18975372e+01, 0., -9.52533436e+00,
    -5.18444748e+01, 0., -9.53401947e+00, -5.17940903e+01, 0.,
    -9.55176830e+00, -5.17088242e+01, 0., -9.45171928e+00,
    -5.16691704e+01, 0., -9.50569248e+00, -5.16053848e+01, 0.,
    -9.47812462e+00, -5.15443001e+01, 0., -9.45961952e+00,
    -5.15045929e+01, 0., -9.51362038e+00, -5.14301758e+01, 0.,
    -9.44983006e+00, -5.13824310e+01, 0., -9.47661209e+00,
    -5.13266945e+01, 0., -9.47623348e+00, -5.12709579e+01, 0.,
    -9.47585487e+00, -5.11913605e+01, 0., -9.39412212e+00,
    -5.11382904e+01, 0., -9.40277767e+00, -5.10984344e+01, 0.,
    -9.45659542e+00, -5.10427055e+01, 0., -9.45621777e+00,
    -5.09790573e+01, 0., -9.42874336e+00, -5.09181023e+01, 0.,
    -9.41030598e+00, -5.08597832e+01, 0., -9.40090179e+00,
    -5.08119850e+01, 0., -9.42762566e+00, -5.07457924e+01, 0.,
    -9.39112568e+00, -5.06979866e+01, 0., -9.41784859e+00,
    -5.06370544e+01, 0., -9.39941311e+00, -5.05787582e+01, 0.,
    -9.39000988e+00, -5.05178528e+01, 0., -9.37157536e+00,
    -5.04543419e+01, 0., -9.34410858e+00, -5.04065056e+01, 0.,
    -9.37083149e+00, -5.03325882e+01, 0., -9.30724144e+00,
    -5.02977600e+01, 0., -9.37911797e+00, -5.02342873e+01, 0.,
    -9.35165405e+00, -5.01604385e+01, 0., -9.28806686e+00,
    -5.01203537e+01, 0., -9.34187984e+00, -5.00750580e+01, 0.,
    -9.37763119e+00, -5.00090599e+01, 0., -9.34114170e+00,
    -4.99560165e+01, 0., -9.34980679e+00, -4.99029655e+01, 0.,
    -9.35847092e+00, -4.98499107e+01, 0., -9.36713505e+00,
    -4.97762222e+01, 0., -9.30355644e+00, -4.97206039e+01, 0.,
    -9.30319118e+00, -4.96804199e+01, 0., -9.35700607e+00,
    -4.96067963e+01, 0., -9.29342937e+00, -4.95588799e+01, 0.,
    -9.32015419e+00, -4.94955673e+01, 0., -9.29269791e+00,
    -4.94322586e+01, 0., -9.26524448e+00, -4.93715401e+01, 0.,
    -9.24682045e+00, -4.93236008e+01, 0., -9.27354336e+00,
    -4.92603302e+01, 0., -9.24608994e+00, -4.92021790e+01, 0.,
    -9.23669529e+00, -4.91491280e+01, 0., -9.24535942e+00,
    -4.91062775e+01, 0., -9.29014492e+00, -4.90354462e+01, 0.,
    -9.23561096e+00, -4.89849548e+01, 0., -9.25330925e+00,
    -4.89141769e+01, 0., -9.19877720e+00, -4.88611526e+01, 0.,
    -9.20744705e+00, -4.87980042e+01, 0., -9.18000221e+00,
    -4.87449799e+01, 0., -9.18867207e+00, -4.86843796e+01, 0.,
    -9.17025566e+00, -4.86414337e+01, 0., -9.21503830e+00,
    -4.85909119e+01, 0., -9.23273563e+00, -4.85227661e+01, 0.,
    -9.18723583e+00, -4.84621887e+01, 0., -9.16882133e+00,
    -4.84166794e+01, 0., -9.20457363e+00, -4.83410835e+01, 0.,
    -9.13205147e+00, -4.82905388e+01, 0., -9.14968967e+00,
    -4.82425003e+01, 0., -9.17641354e+00, -4.81720161e+01, 0.,
    -9.12198544e+00, -4.81090546e+01, 0., -9.09464073e+00,
    -4.80634956e+01, 0., -9.13027763e+00, -4.80129547e+01, 0.,
    -9.14791965e+00, -4.79351425e+01, 0., -9.06659222e+00,
    -4.78870811e+01, 0., -9.09323120e+00, -4.78315887e+01, 0.,
    -9.09287930e+00, -4.77736282e+01, 0., -9.08353043e+00,
    -4.77255402e+01, 0., -9.11016846e+00, -4.76601868e+01, 0.,
    -9.07382870e+00, -4.76096191e+01, 0., -9.09147072e+00,
    -4.75344543e+01, 0., -9.01914597e+00, -4.74961777e+01, 0.,
    -9.08176899e+00, -4.74406891e+01, 0., -9.08141708e+00,
    -4.73827477e+01, 0., -9.07206821e+00, -4.73297081e+01, 0.,
    -9.08071232e+00, -4.72595863e+01, 0., -9.02639103e+00,
    -4.72285538e+01, 0., -9.11600399e+00, -4.71608925e+01, 0.,
    -9.07067776e+00, -4.70956917e+01, 0., -9.03434944e+00,
    -4.70475464e+01, 0., -9.06098938e+00, -4.69896622e+01, 0.,
    -9.05164814e+00, -4.69342117e+01, 0., -9.05130196e+00,
    -4.68714905e+01, 0., -9.02396965e+00, -4.68063583e+01, 0.,
    -8.98764324e+00, -4.67630234e+01, 0., -9.03227425e+00,
    -4.67075806e+01, 0., -9.03192806e+00, -4.66545486e+01, 0.,
    -9.04057598e+00, -4.65870476e+01, 0., -8.99525642e+00,
    -4.65316124e+01, 0., -8.99491119e+00, -4.64809914e+01, 0.,
    -9.01255512e+00, -4.64183464e+01, 0., -8.98522568e+00,
    -4.63677444e+01, 0., -9.00287533e+00, -4.63003578e+01, 0.,
    -8.95756435e+00, -4.62545395e+01, 0., -8.99320221e+00,
    -4.61967468e+01, 0., -8.98386860e+00, -4.61341820e+01, 0.,
    -8.95654678e+00, -4.60716324e+01, 0., -8.92922592e+00,
    -4.60138702e+01, 0., -8.91989326e+00, -4.59561119e+01, 0.,
    -8.91056061e+00, -4.59007339e+01, 0., -8.91022205e+00,
    -4.58453560e+01, 0., -8.90988350e+00, -4.57923508e+01, 0.,
    -8.91853905e+00, -4.57322311e+01, 0., -8.90021324e+00,
    -4.56815910e+01, 0., -8.91786194e+00, -4.56238480e+01, 0.,
    -8.90852928e+00, -4.55684700e+01, 0., -8.90819073e+00,
    -4.55154495e+01, 0., -8.91684532e+00, -4.54459763e+01, 0.,
    -8.86255550e+00, -4.53906403e+01, 0., -8.86222363e+00,
