%YAML:1.0
---
scan_line: [ -9.50893860e+01, 0., .Nan, -9.50023041e+01, 0., .Nan,
    -9.49152145e+01, 0., .Nan, -9.48281250e+01, 0., .Nan,
    -9.47410355e+01, 0., .Nan, -9.46539459e+01, 0., .Nan,
    -9.45668640e+01, 0., .Nan, -9.44797668e+01, 0., .Nan,
    -9.43926849e+01, 0., .Nan, -9.43056030e+01, 0., .Nan,
    -9.42185059e+01, 0., .Nan, -9.41314163e+01, 0., .Nan,
    -9.40443344e+01, 0., .Nan, -9.39572525e+01, 0., .Nan,
    -9.38701630e+01, 0., .Nan, -9.37830658e+01, 0., .Nan,
    -9.36959839e+01, 0., .Nan, -9.36087799e+01, 0., .Nan,
    -9.35215836e+01, 0., .Nan, -9.34343872e+01, 0., .Nan,
    -9.33471832e+01, 0., .Nan, -9.32599792e+01, 0., .Nan,
    -9.31727753e+01, 0., .Nan, -9.30855789e+01, 0., .Nan,
    -9.29983826e+01, 0., .Nan, -9.29111786e+01, 0., .Nan,
    -9.28239746e+01, 0., .Nan, -9.27367783e+01, 0., .Nan,
    -9.26495743e+01, 0., .Nan, -9.25623779e+01, 0., .Nan,
    -9.24751740e+01, 0., .Nan, -9.23879700e+01, 0., .Nan,
    -9.23007736e+01, 0., .Nan, -9.22134628e+01, 0., .Nan,
    -9.21261444e+01, 0., .Nan, -9.20388336e+01, 0., .Nan,
    -9.19515228e+01, 0., .Nan, -9.18642120e+01, 0., .Nan,
    -9.17769012e+01, 0., .Nan, -9.16895828e+01, 0., .Nan,
    -9.16022644e+01, 0., .Nan, -9.15149536e+01, 0., .Nan,
    -9.14276428e+01, 0., .Nan, -9.13403320e+01, 0., .Nan,
    -9.12530212e+01, 0., .Nan, -9.11657028e+01, 0., .Nan,
    -9.10783920e+01, 0., .Nan, -9.09910736e+01, 0., .Nan,
    -9.09037628e+01, 0., .Nan, -9.08163376e+01, 0., .Nan,
    -5.61594810e+01, 0., -1.79767342e+01, -5.60857849e+01, 0.,
    -1.79265995e+01, -5.60334167e+01, 0., -1.79459858e+01,
    -5.59719238e+01, 0., -1.79355755e+01, -5.59104347e+01, 0.,
    -1.79251671e+01, -5.58519821e+01, 0., -1.79246902e+01,
    -5.57905045e+01, 0., -1.79142838e+01, -5.57441673e+01, 0.,
    -1.79535275e+01, -5.56857071e+01, 0., -1.79530487e+01,
    -5.56302681e+01, 0., -1.79625034e+01, -5.55627518e+01, 0.,
    -1.79322338e+01, -5.54982681e+01, 0., -1.79118958e+01,
    -5.54337921e+01, 0., -1.78915596e+01, -5.53813744e+01, 0.,
    -1.79109402e+01, -5.53289413e+01, 0., -1.79303226e+01,
    -5.52735252e+01, 0., -1.79397812e+01, -5.52121048e+01, 0.,
    -1.79293785e+01, -5.51446991e+01, 0., -1.78991203e+01,
    -5.50982666e+01, 0., -1.79383640e+01, -5.50458260e+01, 0.,
    -1.79577522e+01, -5.49874001e+01, 0., -1.79572811e+01,
    -5.49230042e+01, 0., -1.79369488e+01, -5.48586235e+01, 0.,
    -1.79166183e+01, -5.48061676e+01, 0., -1.79360065e+01,
    -5.47388191e+01, 0., -1.79057465e+01, -5.46804123e+01, 0.,
    -1.79052753e+01, -5.46220016e+01, 0., -1.79048042e+01,
    -5.45635910e+01, 0., -1.79043331e+01, -5.45081406e+01, 0.,
    -1.79137897e+01, -5.44526825e+01, 0., -1.79232464e+01,
    -5.43942680e+01, 0., -1.79227753e+01, -5.43388405e+01, 0.,
    -1.79322357e+01, -5.42686539e+01, 0., -1.78920593e+01,
    -5.42132301e+01, 0., -1.79015198e+01, -5.41607399e+01, 0.,
    -1.79209118e+01, -5.40964737e+01, 0., -1.79005890e+01,
    -5.40410385e+01, 0., -1.79100494e+01, -5.39826584e+01, 0.,
    -1.79095840e+01, -5.39096222e+01, 0., -1.78594818e+01,
    -5.38571091e+01, 0., -1.78788719e+01, -5.38045959e+01, 0.,
    -1.78982620e+01, -5.37462196e+01, 0., -1.78977966e+01,
    -5.36966019e+01, 0., -1.79271107e+01, -5.36323853e+01, 0.,
    -1.79067898e+01, -5.35710945e+01, 0., -1.78963985e+01,
    -5.35068932e+01, 0., -1.78760796e+01, -5.34456177e+01, 0.,
    -1.78656864e+01, -5.33901863e+01, 0., -1.78751545e+01,
    -5.33405609e+01, 0., -1.79044743e+01, -5.32764206e+01, 0.,
    -1.78841629e+01, -5.32151833e+01, 0., -1.78737774e+01,
    -5.31626320e+01, 0., -1.78931694e+01, -5.31071815e+01, 0.,
    -1.79026375e+01, -5.30459518e+01, 0., -1.78922520e+01,
    -5.29904900e+01, 0., -1.79017181e+01, -5.29321442e+01, 0.,
    -1.79012585e+01, -5.28651695e+01, 0., -1.78710213e+01,
    -5.28125839e+01, 0., -1.78904152e+01, -5.27542419e+01, 0.,
    -1.78899555e+01, -5.27016296e+01, 0., -1.79093475e+01,
    -5.26375580e+01, 0., -1.78890362e+01, -5.25763550e+01, 0.,
    -1.78786488e+01, -5.25237312e+01, 0., -1.78980427e+01,
    -5.24625664e+01, 0., -1.78876629e+01, -5.24128113e+01, 0.,
    -1.79169865e+01, -5.23431015e+01, 0., -1.78768330e+01,
    -5.22876396e+01, 0., -1.78863049e+01, -5.22321777e+01, 0.,
    -1.78957767e+01, -5.21681862e+01, 0., -1.78754730e+01,
    -5.21098785e+01, 0., -1.78750210e+01, -5.20600739e+01, 0.,
    -1.79043427e+01, -5.19961014e+01, 0., -1.78840389e+01,
    -5.19321365e+01, 0., -1.78637371e+01, -5.18653641e+01, 0.,
    -1.78335114e+01, -5.18155327e+01, 0., -1.78628311e+01,
    -5.17544174e+01, 0., -1.78524551e+01, -5.17017441e+01, 0.,
    -1.78718510e+01, -5.16406250e+01, 0., -1.78614712e+01,
    -5.15795212e+01, 0., -1.78510971e+01, -5.15212555e+01, 0.,
    -1.78506508e+01, -5.14629860e+01, 0., -1.78502045e+01,
    -5.14019203e+01, 0., -1.78398342e+01, -5.13408623e+01, 0.,
    -1.78294640e+01, -5.12965622e+01, 0., -1.78786373e+01,
    -5.12355003e+01, 0., -1.78682671e+01, -5.11688690e+01, 0.,
    -1.78380508e+01, -5.11189537e+01, 0., -1.78673763e+01,
    -5.10578995e+01, 0., -1.78570061e+01, -5.09996300e+01, 0.,
    -1.78565598e+01, -5.09385910e+01, 0., -1.78461914e+01,
    -5.08720093e+01, 0., -1.78159752e+01, -5.08275909e+01, 0.,
    -1.78651447e+01, -5.07748451e+01, 0., -1.78845444e+01,
    -5.07082825e+01, 0., -1.78543301e+01, -5.06555290e+01, 0.,
    -1.78737297e+01, -5.05972862e+01, 0., -1.78732910e+01,
    -5.05362892e+01, 0., -1.78629284e+01, -5.04780502e+01, 0.,
    -1.78624897e+01, -5.04115677e+01, 0., -1.78322830e+01,
    -5.03643112e+01, 0., -1.78715324e+01, -5.02896271e+01, 0.,
    -1.78115597e+01, -5.02423477e+01, 0., -1.78508091e+01,
    -5.01841125e+01, 0., -1.78503704e+01, -5.01258698e+01, 0.,
    -1.78499317e+01, -5.00676346e+01, 0., -1.78494911e+01,
    -5.00039482e+01, 0., -1.78292103e+01, -4.99429970e+01, 0.,
    -1.78188477e+01, -4.98874855e+01, 0., -1.78283310e+01,
    -4.98346863e+01, 0., -1.78477364e+01, -4.97710228e+01, 0.,
    -1.78274536e+01, -4.97182083e+01, 0., -1.78468571e+01,
    -4.96600037e+01, 0., -1.78464241e+01, -4.95963898e+01, 0.,
    -1.78261528e+01, -4.95435905e+01, 0., -1.78455620e+01,
    -4.94853821e+01, 0., -1.78451309e+01, -4.94244804e+01, 0.,
    -1.78347778e+01, -4.93716583e+01, 0., -1.78541870e+01,
    -4.93134499e+01, 0., -1.78537560e+01, -4.92525558e+01, 0.,
    -1.78434029e+01, -4.91943512e+01, 0., -1.78429699e+01,
    -4.91281128e+01, 0., -1.78127766e+01, -4.90699120e+01, 0.,
    -1.78123436e+01, -4.90170593e+01, 0., -1.78317547e+01,
    -4.89668579e+01, 0., -1.78610840e+01, -4.88953209e+01, 0.,
    -1.78110504e+01, -4.88424492e+01, 0., -1.78304596e+01,
    -4.87762680e+01, 0., -1.78002663e+01, -4.87207603e+01, 0.,
    -1.78097630e+01, -4.86599388e+01, 0., -1.77994194e+01,
    -4.86017761e+01, 0., -1.77989941e+01, -4.85462570e+01, 0.,
    -1.78084888e+01, -4.84880905e+01, 0., -1.78080654e+01,
    -4.84378433e+01, 0., -1.78374004e+01, -4.83691177e+01, 0.,
    -1.77972965e+01, -4.83135910e+01, 0., -1.78067932e+01,
    -4.82633133e+01, 0., -1.78361263e+01, -4.81946259e+01, 0.,
    -1.77960243e+01, -4.81390877e+01, 0., -1.78055191e+01,
    -4.80783005e+01, 0., -1.77951775e+01, -4.80201340e+01, 0.,
    -1.77947521e+01, -4.79645844e+01, 0., -1.78042469e+01,
    -4.79038048e+01, 0., -1.77939034e+01, -4.78456421e+01, 0.,
    -1.77934799e+01, -4.77953262e+01, 0., -1.78228168e+01,
    -4.77423859e+01, 0., -1.78422394e+01, -4.76738396e+01, 0.,
    -1.78021488e+01, -4.76131058e+01, 0., -1.77918129e+01,
    -4.75575638e+01, 0., -1.78013153e+01, -4.74968338e+01, 0.,
    -1.77909813e+01, -4.74412918e+01, 0., -1.78004818e+01,
    -4.73857346e+01, 0., -1.78099823e+01, -4.73224335e+01, 0.,
    -1.77897320e+01, -4.72642975e+01, 0., -1.77893143e+01,
    -4.71984406e+01, 0., -1.77591457e+01, -4.71480255e+01, 0.,
    -1.77884827e+01, -4.70975990e+01, 0., -1.78178158e+01,
    -4.70368919e+01, 0., -1.78074818e+01, -4.69761925e+01, 0.,
    -1.77971497e+01, -4.69154892e+01, 0., -1.77868156e+01,
