%YAML:1.0
---
scan_line: [ -9.50893860e+01, 0., .Nan, -9.50023041e+01, 0., .Nan,
    -9.49152145e+01, 0., .Nan, -9.48281250e+01, 0., .Nan,
    -9.47410355e+01, 0., .Nan, -9.46539459e+01, 0., .Nan,
    -9.45668640e+01, 0., .Nan, -9.44797668e+01, 0., .Nan,
    -9.43926849e+01, 0., .Nan, -9.43056030e+01, 0., .Nan,
    -9.42185059e+01, 0., .Nan, -9.41314163e+01, 0., .Nan,
    -9.40443344e+01, 0., .Nan, -9.39572525e+01, 0., .Nan,
    -9.38701630e+01, 0., .Nan, -9.37830658e+01, 0., .Nan,
    -9.36959839e+01, 0., .Nan, -9.36087799e+01, 0., .Nan,
    -9.35215836e+01, 0., .Nan, -9.34343872e+01, 0., .Nan,
    -9.33471832e+01, 0., .Nan, -9.32599792e+01, 0., .Nan,
    -9.31727753e+01, 0., .Nan, -9.30855789e+01, 0., .Nan,
    -9.29983826e+01, 0., .Nan, -9.29111786e+01, 0., .Nan,
    -9.28239746e+01, 0., .Nan, -9.27367783e+01, 0., .Nan,
    -9.26495743e+01, 0., .Nan, -9.25623779e+01, 0., .Nan,
    -9.24751740e+01, 0., .Nan, -9.23879700e+01, 0., .Nan,
    -9.23007736e+01, 0., .Nan, -9.22134628e+01, 0., .Nan,
    -9.21261444e+01, 0., .Nan, -9.20388336e+01, 0., .Nan,
    -9.19515228e+01, 0., .Nan, -9.18642120e+01, 0., .Nan,
    -9.17769012e+01, 0., .Nan, -9.16895828e+01, 0., .Nan,
    -9.16022644e+01, 0., .Nan, -9.15149536e+01, 0., .Nan,
    -9.14276428e+01, 0., .Nan, -9.13403320e+01, 0., .Nan,
    -9.12530212e+01, 0., .Nan, -9.11657028e+01, 0., .Nan,
    -9.10783920e+01, 0., .Nan, -9.09910736e+01, 0., .Nan,
    -9.09037628e+01, 0., .Nan, -5.62301979e+01, 0., -1.80170727e+01,
    -5.61594810e+01, 0., -1.79767342e+01, -5.60979691e+01, 0.,
    -1.79663277e+01, -5.60425491e+01, 0., -1.79757767e+01,
    -5.59962921e+01, 0., -1.80151596e+01, -5.59256172e+01, 0.,
    -1.79748230e+01, -5.58701973e+01, 0., -1.79843102e+01,
    -5.58178101e+01, 0., -1.80037613e+01, -5.57471924e+01, 0.,
    -1.79634590e+01, -5.57008591e+01, 0., -1.80028057e+01,
    -5.56423874e+01, 0., -1.80023270e+01, -5.55808868e+01, 0.,
    -1.79918823e+01, -5.55133476e+01, 0., -1.79615479e+01,
    -5.54548836e+01, 0., -1.79610691e+01, -5.53934135e+01, 0.,
    -1.79506607e+01, -5.53409653e+01, 0., -1.79700432e+01,
    -5.52825356e+01, 0., -1.79695721e+01, -5.52211075e+01, 0.,
    -1.79591694e+01, -5.51656761e+01, 0., -1.79686279e+01,
    -5.51042557e+01, 0., -1.79582253e+01, -5.50398483e+01, 0.,
    -1.79378929e+01, -5.49844131e+01, 0., -1.79473515e+01,
    -5.49319611e+01, 0., -1.79667377e+01, -5.48705482e+01, 0.,
    -1.79563370e+01, -5.48031845e+01, 0., -1.79260769e+01,
    -5.47477455e+01, 0., -1.79355335e+01, -5.46863556e+01, 0.,
    -1.79251328e+01, -5.46279373e+01, 0., -1.79246616e+01,
    -5.45724869e+01, 0., -1.79341183e+01, -5.45170288e+01, 0.,
    -1.79435749e+01, -5.44704628e+01, 0., -1.79828835e+01,
    -5.44001808e+01, 0., -1.79426308e+01, -5.43358841e+01, 0.,
    -1.79223080e+01, -5.42834053e+01, 0., -1.79417000e+01,
    -5.42309113e+01, 0., -1.79610901e+01, -5.41636848e+01, 0.,
    -1.79308395e+01, -5.41111832e+01, 0., -1.79502296e+01,
    -5.40498505e+01, 0., -1.79398346e+01, -5.39944000e+01, 0.,
    -1.79492989e+01, -5.39330750e+01, 0., -1.79389038e+01,
    -5.38688278e+01, 0., -1.79185829e+01, -5.38192253e+01, 0.,
    -1.79478989e+01, -5.37666855e+01, 0., -1.79673233e+01,
    -5.37112198e+01, 0., -1.79768162e+01, -5.36469650e+01, 0.,
    -1.79564285e+01, -5.35769196e+01, 0., -1.79162521e+01,
    -5.35214424e+01, 0., -1.79257145e+01, -5.34543419e+01, 0.,
    -1.78954678e+01, -5.34018097e+01, 0., -1.79148617e+01,
    -5.33347549e+01, 0., -1.78846207e+01, -5.32966995e+01, 0.,
    -1.79536495e+01, -5.32267609e+01, 0., -1.79134827e+01,
    -5.31713028e+01, 0., -1.79229488e+01, -5.31129532e+01, 0.,
    -1.79224892e+01, -5.30488358e+01, 0., -1.79021778e+01,
    -5.29904900e+01, 0., -1.79017181e+01, -5.29436607e+01, 0.,
    -1.79409637e+01, -5.28766747e+01, 0., -1.79107246e+01,
    -5.28240738e+01, 0., -1.79301186e+01, -5.27657204e+01, 0.,
    -1.79296589e+01, -5.27159729e+01, 0., -1.79590092e+01,
    -5.26461487e+01, 0., -1.79188118e+01, -5.25877991e+01, 0.,
    -1.79183502e+01, -5.25265884e+01, 0., -1.79079685e+01,
    -5.24682732e+01, 0., -1.79075165e+01, -5.24071083e+01, 0.,
    -1.78971367e+01, -5.23516464e+01, 0., -1.79066086e+01,
    -5.22791061e+01, 0., -1.78565292e+01, -5.22406998e+01, 0.,
    -1.79255524e+01, -5.21767006e+01, 0., -1.79052486e+01,
    -5.21070404e+01, 0., -1.78650951e+01, -5.20572433e+01, 0.,
    -1.78944168e+01, -5.19961014e+01, 0., -1.78840389e+01,
    -5.19434471e+01, 0., -1.79034367e+01, -5.18879547e+01, 0.,
    -1.79129066e+01, -5.18296356e+01, 0., -1.79124527e+01,
    -5.17685013e+01, 0., -1.79020767e+01, -5.17073746e+01, 0.,
    -1.78916988e+01, -5.16518745e+01, 0., -1.79011688e+01,
    -5.15935593e+01, 0., -1.79007168e+01, -5.15408859e+01, 0.,
    -1.79201183e+01, -5.14825974e+01, 0., -1.79196720e+01,
    -5.14131165e+01, 0., -1.78795280e+01, -5.13604279e+01, 0.,
    -1.78989315e+01, -5.12993584e+01, 0., -1.78885612e+01,
    -5.12438660e+01, 0., -1.78980389e+01, -5.11883698e+01, 0.,
    -1.79075165e+01, -5.11300850e+01, 0., -1.79070702e+01,
    -5.10634575e+01, 0., -1.78768520e+01, -5.10162888e+01, 0.,
    -1.79160995e+01, -5.09524536e+01, 0., -1.78958073e+01,
    -5.08969421e+01, 0., -1.79052849e+01, -5.08275909e+01, 0.,
    -1.78651447e+01, -5.07720833e+01, 0., -1.78746223e+01,
    -5.07138062e+01, 0., -1.78741760e+01, -5.06582870e+01, 0.,
    -1.78836517e+01, -5.05972862e+01, 0., -1.78732910e+01,
    -5.05390434e+01, 0., -1.78728504e+01, -5.04835472e+01, 0.,
    -1.78823338e+01, -5.04225540e+01, 0., -1.78719711e+01,
    -5.03670502e+01, 0., -1.78814545e+01, -5.03142853e+01, 0.,
    -1.79008598e+01, -5.02450867e+01, 0., -1.78607330e+01,
    -5.01923141e+01, 0., -1.78801365e+01, -5.01313324e+01, 0.,
    -1.78697739e+01, -5.00758171e+01, 0., -1.78792572e+01,
    -5.00121193e+01, 0., -1.78589764e+01, -4.99566002e+01, 0.,
    -1.78684578e+01, -4.98983536e+01, 0., -1.78680172e+01,
    -4.98319664e+01, 0., -1.78378143e+01, -4.97737350e+01, 0.,
    -1.78373756e+01, -4.97182083e+01, 0., -1.78468571e+01,
    -4.96762390e+01, 0., -1.79059525e+01, -4.96126099e+01, 0.,
    -1.78856792e+01, -4.95462875e+01, 0., -1.78554821e+01,
    -4.94880791e+01, 0., -1.78550510e+01, -4.94271736e+01, 0.,
    -1.78446980e+01, -4.93743515e+01, 0., -1.78641071e+01,
    -4.93161354e+01, 0., -1.78636742e+01, -4.92579231e+01, 0.,
    -1.78632431e+01, -4.92050743e+01, 0., -1.78826523e+01,
    -4.91441765e+01, 0., -1.78722992e+01, -4.90913086e+01, 0.,
    -1.78917084e+01, -4.90357590e+01, 0., -1.79011955e+01,
    -4.89775314e+01, 0., -1.79007626e+01, -4.89113121e+01, 0.,
    -1.78705711e+01, -4.88504333e+01, 0., -1.78602180e+01,
    -4.87895622e+01, 0., -1.78498669e+01, -4.87287254e+01, 0.,
    -1.78395233e+01, -4.86705513e+01, 0., -1.78390980e+01,
    -4.86150208e+01, 0., -1.78485928e+01, -4.85594902e+01, 0.,
    -1.78580875e+01, -4.85039482e+01, 0., -1.78675823e+01,
    -4.84404831e+01, 0., -1.78473206e+01, -4.83770294e+01, 0.,
    -1.78270550e+01, -4.83188553e+01, 0., -1.78266296e+01,
    -4.82659454e+01, 0., -1.78460464e+01, -4.82077637e+01, 0.,
    -1.78456192e+01, -4.81495857e+01, 0., -1.78451958e+01,
    -4.80966492e+01, 0., -1.78646088e+01, -4.80384636e+01, 0.,
    -1.78641834e+01, -4.79776611e+01, 0., -1.78538399e+01,
    -4.79194794e+01, 0., -1.78534164e+01, -4.78482513e+01, 0.,
    -1.78033981e+01, -4.77927208e+01, 0., -1.78128986e+01,
    -4.77397842e+01, 0., -1.78323212e+01, -4.76946411e+01, 0.,
    -1.78814964e+01, -4.76338806e+01, 0., -1.78711586e+01,
    -4.75705299e+01, 0., -1.78509064e+01, -4.75149689e+01, 0.,
    -1.78604069e+01, -4.74542236e+01, 0., -1.78500710e+01,
    -4.74038239e+01, 0., -1.78794079e+01, -4.73353386e+01, 0.,
    -1.78393192e+01, -4.72720337e+01, 0., -1.78190670e+01,
    -4.72138863e+01, 0., -1.78186512e+01, -4.71608925e+01, 0.,
    -1.78380680e+01, -4.71001701e+01, 0., -1.78277340e+01,
    -4.70420265e+01, 0., -1.78273163e+01, -4.69838791e+01, 0.,
    -1.78269005e+01, -4.69231682e+01, 0., -1.78165665e+01,
