%YAML:1.0
---
scan_line: [ -9.50893860e+01, 0., .Nan, -9.50023041e+01, 0., .Nan,
    -9.49152145e+01, 0., .Nan, -5.43348160e+01, 0., -3.74538088e+00,
    -9.47410355e+01, 0., .Nan, -9.46539459e+01, 0., .Nan,
    -9.45668640e+01, 0., .Nan, -9.44797668e+01, 0., .Nan,
    -9.43926849e+01, 0., .Nan, -9.43056030e+01, 0., .Nan,
    -9.42185059e+01, 0., .Nan, -9.41314163e+01, 0., .Nan,
    -9.40443344e+01, 0., .Nan, -9.39572525e+01, 0., .Nan,
    -9.38701630e+01, 0., .Nan, -5.26479797e+01, 0., -4.68284011e-01,
    -9.36959839e+01, 0., .Nan, -5.88651314e+01, 0., -2.04327145e+01,
    -9.35215836e+01, 0., .Nan, -9.34343872e+01, 0., .Nan,
    -9.33471832e+01, 0., .Nan, -9.32599792e+01, 0., .Nan,
    -9.31727753e+01, 0., .Nan, -9.30855789e+01, 0., .Nan,
    -9.29983826e+01, 0., .Nan, -5.49484177e+01, 0., -9.48326588e+00,
    -9.28239746e+01, 0., .Nan, -5.84202805e+01, 0., -2.08984528e+01,
    -9.26495743e+01, 0., .Nan, -9.25623779e+01, 0., .Nan,
    -6.02156296e+01, 0., -2.71740723e+01, -5.04577599e+01, 0.,
    3.83604026e+00, -5.92643051e+01, 0., -2.45363083e+01,
    -9.22134628e+01, 0., .Nan, -9.21261444e+01, 0., .Nan,
    -9.20388336e+01, 0., .Nan, -5.76876678e+01, 0., -2.02596741e+01,
    -9.18642120e+01, 0., .Nan, -9.17769012e+01, 0., .Nan,
    -4.70852203e+01, 0., 1.33967056e+01, -9.16022644e+01, 0., .Nan,
    -9.15149536e+01, 0., .Nan, -9.14276428e+01, 0., .Nan,
    -9.13403320e+01, 0., .Nan, -9.12530212e+01, 0., .Nan,
    -9.11657028e+01, 0., .Nan, -9.10783920e+01, 0., .Nan,
    -5.67299728e+01, 0., -1.92603798e+01, -5.08036575e+01, 0.,
    -1.50197804e-01, -4.86471024e+01, 0., 6.71566486e+00,
    -5.61106873e+01, 0., -1.78178368e+01, -5.60644569e+01, 0.,
    -1.78570824e+01, -5.59999390e+01, 0., -1.78367443e+01,
    -5.59476013e+01, 0., -1.78561287e+01, -5.58891716e+01, 0.,
    -1.78556519e+01, -5.58519821e+01, 0., -1.79246902e+01,
    -5.57874718e+01, 0., -1.79043522e+01, -5.57320557e+01, 0.,
    -1.79138050e+01, -5.56524353e+01, 0., -1.78438148e+01,
    -5.55970306e+01, 0., -1.78532696e+01, -5.55506744e+01, 0.,
    -1.78925133e+01, -5.54831924e+01, 0., -1.78622456e+01,
    -5.54307861e+01, 0., -1.78816280e+01, -5.53753548e+01, 0.,
    -1.78910828e+01, -5.53078995e+01, 0., -1.78608150e+01,
    -5.52434998e+01, 0., -1.78404827e+01, -5.51791115e+01, 0.,
    -1.78201542e+01, -5.51237221e+01, 0., -1.78296108e+01,
    -5.50832977e+01, 0., -1.78887177e+01, -5.50099411e+01, 0.,
    -1.78385983e+01, -5.49694748e+01, 0., -1.78977051e+01,
    -5.48812256e+01, 0., -1.77979412e+01, -5.48377533e+01, 0.,
    -1.78471165e+01, -5.47882996e+01, 0., -1.78764324e+01,
    -5.47388191e+01, 0., -1.79057465e+01, -5.46596069e+01, 0.,
    -1.78357735e+01, -5.46101227e+01, 0., -1.78650894e+01,
    -5.45428314e+01, 0., -1.78348312e+01, -5.44962883e+01, 0.,
    -1.78740749e+01, -5.44319687e+01, 0., -1.78537464e+01,
    -5.43913116e+01, 0., -1.79128456e+01, -5.43122559e+01, 0.,
    -1.78428822e+01, -5.42480011e+01, 0., -1.78225613e+01,
    -5.42014389e+01, 0., -1.78618088e+01, -5.41401329e+01, 0.,
    -1.78514137e+01, -5.40847130e+01, 0., -1.78608780e+01,
    -5.40204697e+01, 0., -1.78405571e+01, -5.39679871e+01, 0.,
    -1.78599472e+01, -5.39037552e+01, 0., -1.78396263e+01,
    -5.38453979e+01, 0., -1.78391628e+01, -5.37782631e+01, 0.,
    -1.78089142e+01, -5.37169952e+01, 0., -1.77985229e+01,
    -5.36674080e+01, 0., -1.78278370e+01, -5.36178055e+01, 0.,
    -1.78571548e+01, -5.35477829e+01, 0., -1.78169804e+01,
    -5.34923477e+01, 0., -1.78264408e+01, -5.34456177e+01, 0.,
    -1.78656864e+01, -5.33727646e+01, 0., -1.78155937e+01,
    -5.33115501e+01, 0., -1.78052082e+01, -5.32706223e+01, 0.,
    -1.78643093e+01, -5.32036057e+01, 0., -1.78340721e+01,
    -5.31366081e+01, 0., -1.78038330e+01, -5.30667419e+01, 0.,
    -1.77636681e+01, -5.30257492e+01, 0., -1.78227654e+01,
    -5.29760818e+01, 0., -1.78520870e+01, -5.29062347e+01, 0.,
    -1.78119240e+01, -5.28536682e+01, 0., -1.78313179e+01,
    -5.28039627e+01, 0., -1.78606377e+01, -5.27398872e+01, 0.,
    -1.78403244e+01, -5.26758347e+01, 0., -1.78200130e+01,
    -5.26203766e+01, 0., -1.78294811e+01, -5.25591965e+01, 0.,
    -1.78190975e+01, -5.24808693e+01, 0., -1.77491589e+01,
    -5.24511490e+01, 0., -1.78479614e+01, -5.23843002e+01, 0.,
    -1.78177338e+01, -5.23345566e+01, 0., -1.78470573e+01,
    -5.22620354e+01, 0., -1.77969780e+01, -5.22065964e+01, 0.,
    -1.78064499e+01, -5.21426392e+01, 0., -1.77861481e+01,
    -5.20786896e+01, 0., -1.77658463e+01, -5.20119209e+01, 0.,
    -1.77356224e+01, -5.19791260e+01, 0., -1.78244896e+01,
    -5.19095268e+01, 0., -1.77843399e+01, -5.18540726e+01, 0.,
    -1.77938118e+01, -5.17957916e+01, 0., -1.77933617e+01,
    -5.17234306e+01, 0., -1.77432861e+01, -5.16764183e+01, 0.,
    -1.77825317e+01, -5.16153297e+01, 0., -1.77721558e+01,
    -5.15654793e+01, 0., -1.78014755e+01, -5.14988136e+01, 0.,
    -1.77712593e+01, -5.14489746e+01, 0., -1.78005848e+01,
    -5.13851318e+01, 0., -1.77802925e+01, -5.13268852e+01, 0.,
    -1.77798462e+01, -5.12798119e+01, 0., -1.78190956e+01,
    -5.12159729e+01, 0., -1.77988014e+01, -5.11549377e+01, 0.,
    -1.77884331e+01, -5.10966873e+01, 0., -1.77879868e+01,
    -5.10495605e+01, 0., -1.78272362e+01, -5.09829712e+01, 0.,
    -1.77970200e+01, -5.09247208e+01, 0., -1.77965755e+01,
    -5.08664665e+01, 0., -1.77961292e+01, -5.08054504e+01, 0.,
    -1.77857609e+01, -5.07444382e+01, 0., -1.77753925e+01,
    -5.06861916e+01, 0., -1.77749462e+01, -5.06307068e+01, 0.,
    -1.77844238e+01, -5.05724869e+01, 0., -1.77839851e+01,
    -5.05005112e+01, 0., -1.77339363e+01, -5.04588089e+01, 0.,
    -1.77930317e+01, -5.04033318e+01, 0., -1.78025169e+01,
    -5.03313980e+01, 0., -1.77524681e+01, -5.02731895e+01, 0.,
    -1.77520275e+01, -5.02177200e+01, 0., -1.77615108e+01,
    -5.01485748e+01, 0., -1.77213860e+01, -5.01094933e+01, 0.,
    -1.77903996e+01, -5.00540009e+01, 0., -1.77998829e+01,
    -4.99848785e+01, 0., -1.77597561e+01, -4.99293938e+01, 0.,
    -1.77692413e+01, -4.98793335e+01, 0., -1.77985668e+01,
    -4.98129654e+01, 0., -1.77683640e+01, -4.97574692e+01, 0.,
    -1.77778473e+01, -4.97100830e+01, 0., -1.78170929e+01,
    -4.96437683e+01, 0., -1.77868996e+01, -4.95801773e+01, 0.,
    -1.77666245e+01, -4.95192986e+01, 0., -1.77562714e+01,
    -4.94584198e+01, 0., -1.77459221e+01, -4.94083252e+01, 0.,
    -1.77752533e+01, -4.93447609e+01, 0., -1.77549782e+01,
    -4.92919540e+01, 0., -1.77743893e+01, -4.92471886e+01, 0.,
    -1.78235607e+01, -4.91863098e+01, 0., -1.78132076e+01,
    -4.91147232e+01, 0., -1.77631760e+01, -4.90565414e+01, 0.,
    -1.77627449e+01, -4.89850044e+01, 0., -1.77127113e+01,
    -4.89295044e+01, 0., -1.77222023e+01, -4.88580132e+01, 0.,
    -1.76721687e+01, -4.88211517e+01, 0., -1.77510986e+01,
    -4.87629738e+01, 0., -1.77506676e+01, -4.86968575e+01, 0.,
    -1.77204857e+01, -4.86466751e+01, 0., -1.77498207e+01,
    -4.85779305e+01, 0., -1.77097168e+01, -4.85224380e+01, 0.,
    -1.77192154e+01, -4.84801636e+01, 0., -1.77783070e+01,
    -4.84061623e+01, 0., -1.77183685e+01, -4.83453865e+01, 0.,
    -1.77080231e+01, -4.83004189e+01, 0., -1.77571983e+01,
    -4.82422676e+01, 0., -1.77567749e+01, -4.81736031e+01, 0.,
    -1.77166748e+01, -4.81128387e+01, 0., -1.77063293e+01,
    -4.80547028e+01, 0., -1.77059059e+01, -4.79965668e+01, 0.,
    -1.77054844e+01, -4.79384346e+01, 0., -1.77050610e+01,
    -4.78881340e+01, 0., -1.77343922e+01, -4.78273773e+01, 0.,
    -1.77240505e+01, -4.77692642e+01, 0., -1.77236347e+01,
    -4.77033424e+01, 0., -1.76934624e+01, -4.76504402e+01, 0.,
    -1.77128849e+01, -4.75871353e+01, 0., -1.76926308e+01,
    -4.75445938e+01, 0., -1.77517242e+01, -4.74761124e+01, 0.,
    -1.77116375e+01, -4.74257622e+01, 0., -1.77409744e+01,
    -4.73495522e+01, 0., -1.76711330e+01, -4.73043633e+01, 0.,
    -1.77203064e+01, -4.72514076e+01, 0., -1.77397270e+01,
    -4.71932869e+01, 0., -1.77393093e+01, -4.71274529e+01, 0.,
    -1.77091408e+01, -4.70693436e+01, 0., -1.77087250e+01,
