%YAML:1.0
---
scan_line: [ -9.50893860e+01, 0., .Nan, -9.50023041e+01, 0., .Nan,
    -9.49152145e+01, 0., .Nan, -9.48281250e+01, 0., .Nan,
    -9.47410355e+01, 0., .Nan, -9.46539459e+01, 0., .Nan,
    -9.45668640e+01, 0., .Nan, -9.44797668e+01, 0., .Nan,
    -9.43926849e+01, 0., .Nan, -9.43056030e+01, 0., .Nan,
    -9.42185059e+01, 0., .Nan, -9.41314163e+01, 0., .Nan,
    -9.40443344e+01, 0., .Nan, -9.39572525e+01, 0., .Nan,
    -9.38701630e+01, 0., .Nan, -9.37830658e+01, 0., .Nan,
    -9.36959839e+01, 0., .Nan, -9.36087799e+01, 0., .Nan,
    -9.35215836e+01, 0., .Nan, -9.34343872e+01, 0., .Nan,
    -9.33471832e+01, 0., .Nan, -9.32599792e+01, 0., .Nan,
    -9.31727753e+01, 0., .Nan, -9.30855789e+01, 0., .Nan,
    -9.29983826e+01, 0., .Nan, -9.29111786e+01, 0., .Nan,
    -9.28239746e+01, 0., .Nan, -9.27367783e+01, 0., .Nan,
    -9.26495743e+01, 0., .Nan, -9.25623779e+01, 0., .Nan,
    -9.24751740e+01, 0., .Nan, -9.23879700e+01, 0., .Nan,
    -9.23007736e+01, 0., .Nan, -9.22134628e+01, 0., .Nan,
    -9.21261444e+01, 0., .Nan, -9.20388336e+01, 0., .Nan,
    -9.19515228e+01, 0., .Nan, -9.18642120e+01, 0., .Nan,
    -9.17769012e+01, 0., .Nan, -9.16895828e+01, 0., .Nan,
    -9.16022644e+01, 0., .Nan, -9.15149536e+01, 0., .Nan,
    -9.14276428e+01, 0., .Nan, -9.13403320e+01, 0., .Nan,
    -9.12530212e+01, 0., .Nan, -9.11657028e+01, 0., .Nan,
    -9.10783920e+01, 0., .Nan, -9.09910736e+01, 0., .Nan,
    -9.09037628e+01, 0., .Nan, -5.61629944e+01, 0., -1.77984505e+01,
    -5.61045876e+01, 0., -1.77979736e+01, -5.60400848e+01, 0.,
    -1.77776356e+01, -5.59877701e+01, 0., -1.77970200e+01,
    -5.59324036e+01, 0., -1.78064766e+01, -5.58739891e+01, 0.,
    -1.78059978e+01, -5.58064728e+01, 0., -1.77757301e+01,
    -5.57601929e+01, 0., -1.78149757e+01, -5.57017784e+01, 0.,
    -1.78144989e+01, -5.56373138e+01, 0., -1.77941628e+01,
    -5.55728569e+01, 0., -1.77738266e+01, -5.55114365e+01, 0.,
    -1.77634201e+01, -5.54590683e+01, 0., -1.77828045e+01,
    -5.54066887e+01, 0., -1.78021870e+01, -5.53482780e+01, 0.,
    -1.78017120e+01, -5.52868576e+01, 0., -1.77913055e+01,
    -5.52194710e+01, 0., -1.77610474e+01, -5.51551132e+01, 0.,
    -1.77407150e+01, -5.50937576e+01, 0., -1.77303162e+01,
    -5.50443802e+01, 0., -1.77596359e+01, -5.49830246e+01, 0.,
    -1.77492371e+01, -5.49336281e+01, 0., -1.77785530e+01,
    -5.48692856e+01, 0., -1.77582245e+01, -5.48198662e+01, 0.,
    -1.77875404e+01, -5.47644730e+01, 0., -1.77969990e+01,
    -5.47001457e+01, 0., -1.77766705e+01, -5.46328545e+01, 0.,
    -1.77464142e+01, -5.45744934e+01, 0., -1.77459450e+01,
    -5.45190964e+01, 0., -1.77554035e+01, -5.44666634e+01, 0.,
    -1.77747879e+01, -5.43994102e+01, 0., -1.77445335e+01,
    -5.43469620e+01, 0., -1.77639198e+01, -5.42856750e+01, 0.,
    -1.77535267e+01, -5.42302971e+01, 0., -1.77629910e+01,
    -5.41719666e+01, 0., -1.77625275e+01, -5.41165810e+01, 0.,
    -1.77719898e+01, -5.40552979e+01, 0., -1.77615986e+01,
    -5.39881592e+01, 0., -1.77313499e+01, -5.39327660e+01, 0.,
    -1.77408142e+01, -5.38773727e+01, 0., -1.77502785e+01,
    -5.38131866e+01, 0., -1.77299576e+01, -5.37548599e+01, 0.,
    -1.77294941e+01, -5.37111511e+01, 0., -1.77786674e+01,
    -5.36469727e+01, 0., -1.77583466e+01, -5.35857239e+01, 0.,
    -1.77479553e+01, -5.35273933e+01, 0., -1.77474918e+01,
    -5.34661560e+01, 0., -1.77371025e+01, -5.34107361e+01, 0.,
    -1.77465630e+01, -5.33524399e+01, 0., -1.77461052e+01,
    -5.32941475e+01, 0., -1.77456474e+01, -5.32300568e+01, 0.,
    -1.77253361e+01, -5.31775551e+01, 0., -1.77447319e+01,
    -5.31163712e+01, 0., -1.77343464e+01, -5.30580788e+01, 0.,
    -1.77338867e+01, -5.29882431e+01, 0., -1.76937256e+01,
    -5.29386101e+01, 0., -1.77230453e+01, -5.28860817e+01, 0.,
    -1.77424393e+01, -5.28306618e+01, 0., -1.77519073e+01,
    -5.27752342e+01, 0., -1.77613754e+01, -5.27140656e+01, 0.,
    -1.77509918e+01, -5.26529007e+01, 0., -1.77406082e+01,
    -5.25888748e+01, 0., -1.77202988e+01, -5.25220070e+01, 0.,
    -1.76900635e+01, -5.24722977e+01, 0., -1.77193832e+01,
    -5.24083366e+01, 0., -1.76990814e+01, -5.23472366e+01, 0.,
    -1.76887035e+01, -5.22918320e+01, 0., -1.76981773e+01,
    -5.22364311e+01, 0., -1.77076530e+01, -5.21753387e+01, 0.,
    -1.76972752e+01, -5.21284447e+01, 0., -1.77365246e+01,
    -5.20730133e+01, 0., -1.77459984e+01, -5.20147514e+01, 0.,
    -1.77455444e+01, -5.19423370e+01, 0., -1.76954689e+01,
    -5.18869171e+01, 0., -1.77049446e+01, -5.18343086e+01, 0.,
    -1.77243423e+01, -5.17704086e+01, 0., -1.77040405e+01,
    -5.17065239e+01, 0., -1.76837387e+01, -5.16539040e+01, 0.,
    -1.77031384e+01, -5.15984650e+01, 0., -1.77126102e+01,
    -5.15373993e+01, 0., -1.77022362e+01, -5.14791794e+01, 0.,
    -1.77017918e+01, -5.14209595e+01, 0., -1.77013474e+01,
    -5.13655434e+01, 0., -1.77108250e+01, -5.13129082e+01, 0.,
    -1.77302284e+01, -5.12630539e+01, 0., -1.77595539e+01,
    -5.11992378e+01, 0., -1.77392616e+01, -5.11437912e+01, 0.,
    -1.77487411e+01, -5.10799904e+01, 0., -1.77284489e+01,
    -5.10273209e+01, 0., -1.77478504e+01, -5.09552002e+01, 0.,
    -1.76977901e+01, -5.08969803e+01, 0., -1.76973457e+01,
    -5.08387604e+01, 0., -1.76968994e+01, -5.07777748e+01, 0.,
    -1.76865311e+01, -5.07195587e+01, 0., -1.76860867e+01,
    -5.06613426e+01, 0., -1.76856422e+01, -5.06003647e+01, 0.,
    -1.76752758e+01, -5.05421829e+01, 0., -1.76748390e+01,
    -5.04950104e+01, 0., -1.77140903e+01, -5.04340668e+01, 0.,
    -1.77037315e+01, -5.03703880e+01, 0., -1.76834488e+01,
    -5.03204269e+01, 0., -1.77127762e+01, -5.02567520e+01, 0.,
    -1.76924953e+01, -5.01958313e+01, 0., -1.76821346e+01,
    -5.01485748e+01, 0., -1.77213860e+01, -5.00794640e+01, 0.,
    -1.76812592e+01, -5.00349083e+01, 0., -1.77304306e+01,
    -4.99658165e+01, 0., -1.76903076e+01, -4.99049072e+01, 0.,
    -1.76799469e+01, -4.98548737e+01, 0., -1.77092743e+01,
    -4.97858200e+01, 0., -1.76691494e+01, -4.97276382e+01, 0.,
    -1.76687107e+01, -4.96640396e+01, 0., -1.76484318e+01,
    -4.96113052e+01, 0., -1.76678429e+01, -4.95558586e+01, 0.,
    -1.76773357e+01, -4.94950027e+01, 0., -1.76669827e+01,
    -4.94368515e+01, 0., -1.76665535e+01, -4.93787003e+01, 0.,
    -1.76661224e+01, -4.93259354e+01, 0., -1.76855354e+01,
    -4.92704620e+01, 0., -1.76950245e+01, -4.92096176e+01, 0.,
    -1.76846733e+01, -4.91541405e+01, 0., -1.76941624e+01,
    -4.90933037e+01, 0., -1.76838112e+01, -4.90378189e+01, 0.,
    -1.76933022e+01, -4.89769936e+01, 0., -1.76829510e+01,
    -4.89188309e+01, 0., -1.76825199e+01, -4.88553467e+01, 0.,
    -1.76622486e+01, -4.88025169e+01, 0., -1.76816597e+01,
    -4.87496796e+01, 0., -1.77010689e+01, -4.86809235e+01, 0.,
    -1.76609669e+01, -4.86121941e+01, 0., -1.76208649e+01,
    -4.85567360e+01, 0., -1.76303616e+01, -4.85065613e+01, 0.,
    -1.76596966e+01, -4.84537277e+01, 0., -1.76791115e+01,
    -4.83929596e+01, 0., -1.76687698e+01, -4.83295593e+01, 0.,
    -1.76485100e+01, -4.82767105e+01, 0., -1.76679230e+01,
    -4.82212219e+01, 0., -1.76774197e+01, -4.81630936e+01, 0.,
    -1.76769962e+01, -4.81102142e+01, 0., -1.76964111e+01,
    -4.80415955e+01, 0., -1.76563129e+01, -4.79808578e+01, 0.,
    -1.76459713e+01, -4.79201241e+01, 0., -1.76356316e+01,
    -4.78620071e+01, 0., -1.76352062e+01, -4.78012848e+01, 0.,
    -1.76248646e+01, -4.77432022e+01, 0., -1.76244488e+01,
    -4.76903267e+01, 0., -1.76438732e+01, -4.76400375e+01, 0.,
    -1.76732101e+01, -4.75767479e+01, 0., -1.76529598e+01,
    -4.75186615e+01, 0., -1.76525440e+01, -4.74631577e+01, 0.,
    -1.76620445e+01, -4.74076500e+01, 0., -1.76715488e+01,
    -4.73418007e+01, 0., -1.76413803e+01, -4.72862930e+01, 0.,
    -1.76508827e+01, -4.72282028e+01, 0., -1.76504669e+01,
    -4.71726875e+01, 0., -1.76599674e+01, -4.71094475e+01, 0.,
    -1.76397171e+01, -4.70539322e+01, 0., -1.76492195e+01,
    -4.69984055e+01, 0., -1.76587219e+01, -4.69377518e+01, 0.,
    -1.76483898e+01, -4.68719788e+01, 0., -1.76182213e+01,
