%YAML:1.0
---
scan_line: [ -5.65801506e+01, 0., -1.02209768e+01, -5.65386887e+01, 0.,
    -1.02662306e+01, -5.64854660e+01, 0., -1.02749538e+01,
    -5.64293060e+01, 0., -1.02745438e+01, -5.63614311e+01, 0.,
    -1.02376041e+01, -5.62935829e+01, 0., -1.02006645e+01,
    -5.62403641e+01, 0., -1.02093887e+01, -5.61900635e+01, 0.,
    -1.02272425e+01, -5.61309967e+01, 0., -1.02177010e+01,
    -5.60806808e+01, 0., -1.02355556e+01, -5.60158005e+01, 0.,
    -1.02077513e+01, -5.59741974e+01, 0., -1.02529993e+01,
    -5.59122353e+01, 0., -1.02343264e+01, -5.58502808e+01, 0.,
    -1.02156544e+01, -5.57999382e+01, 0., -1.02335072e+01,
    -5.57495766e+01, 0., -1.02513599e+01, -5.56963158e+01, 0.,
    -1.02600813e+01, -5.56373024e+01, 0., -1.02505445e+01,
    -5.55754166e+01, 0., -1.02318764e+01, -5.55135307e+01, 0.,
    -1.02132101e+01, -5.54718323e+01, 0., -1.02584581e+01,
    -5.54157181e+01, 0., -1.02580528e+01, -5.53567200e+01, 0.,
    -1.02485161e+01, -5.52862358e+01, 0., -1.02024593e+01,
    -5.52358704e+01, 0., -1.02203140e+01, -5.51797638e+01, 0.,
    -1.02199087e+01, -5.51236534e+01, 0., -1.02195034e+01,
    -5.50732727e+01, 0., -1.02373581e+01, -5.50142975e+01, 0.,
    -1.02278223e+01, -5.49581871e+01, 0., -1.02274160e+01,
    -5.48963699e+01, 0., -1.02087526e+01, -5.48402596e+01, 0.,
    -1.02083473e+01, -5.47841568e+01, 0., -1.02079420e+01,
    -5.47337761e+01, 0., -1.02257996e+01, -5.46777039e+01, 0.,
    -1.02253990e+01, -5.46244698e+01, 0., -1.02341270e+01,
    -5.45683975e+01, 0., -1.02337255e+01, -5.45038147e+01, 0.,
    -1.02059383e+01, -5.44477463e+01, 0., -1.02055368e+01,
    -5.43916779e+01, 0., -1.02051353e+01, -5.43440857e+01, 0.,
    -1.02321205e+01, -5.42880096e+01, 0., -1.02317200e+01,
    -5.42150154e+01, 0., -1.01765480e+01, -5.41674042e+01, 0.,
    -1.02035332e+01, -5.41169624e+01, 0., -1.02213879e+01,
    -5.40608902e+01, 0., -1.02209873e+01, -5.39935837e+01, 0.,
    -1.01840744e+01, -5.39459305e+01, 0., -1.02110567e+01,
    -5.38870621e+01, 0., -1.02015285e+01, -5.38226357e+01, 0.,
    -1.01737499e+01, -5.37750015e+01, 0., -1.02007360e+01,
    -5.37133827e+01, 0., -1.01820860e+01, -5.36601448e+01, 0.,
    -1.01908169e+01, -5.36069031e+01, 0., -1.01995478e+01,
    -5.35480881e+01, 0., -1.01900253e+01, -5.34920578e+01, 0.,
    -1.01896286e+01, -5.34332504e+01, 0., -1.01801062e+01,
    -5.33883286e+01, 0., -1.02162161e+01, -5.33267441e+01, 0.,
    -1.01975670e+01, -5.32651711e+01, 0., -1.01789188e+01,
    -5.32146835e+01, 0., -1.01967754e+01, -5.31641769e+01, 0.,
    -1.02146311e+01, -5.30943298e+01, 0., -1.01686039e+01,
    -5.30438271e+01, 0., -1.01864605e+01, -5.29850426e+01, 0.,
    -1.01769390e+01, -5.29290504e+01, 0., -1.01765480e+01,
    -5.28758087e+01, 0., -1.01852818e+01, -5.28198166e+01, 0.,
    -1.01848907e+01, -5.27665710e+01, 0., -1.01936255e+01,
    -5.27105713e+01, 0., -1.01932344e+01, -5.26518402e+01, 0.,
    -1.01837177e+01, -5.25903702e+01, 0., -1.01650753e+01,
    -5.25316544e+01, 0., -1.01555595e+01, -5.24783936e+01, 0.,
    -1.01642933e+01, -5.24196854e+01, 0., -1.01547785e+01,
    -5.23691483e+01, 0., -1.01726360e+01, -5.23185997e+01, 0.,
    -1.01904955e+01, -5.22571678e+01, 0., -1.01718550e+01,
    -5.21984558e+01, 0., -1.01623383e+01, -5.21397591e+01, 0.,
    -1.01528244e+01, -5.20783539e+01, 0., -1.01341848e+01,
    -5.20332413e+01, 0., -1.01702948e+01, -5.19799843e+01, 0.,
    -1.01790333e+01, -5.19213295e+01, 0., -1.01695232e+01,
    -5.18626671e+01, 0., -1.01600132e+01, -5.18094177e+01, 0.,
    -1.01687508e+01, -5.17534637e+01, 0., -1.01683655e+01,
    -5.16948128e+01, 0., -1.01588554e+01, -5.16361771e+01, 0.,
    -1.01493473e+01, -5.15775414e+01, 0., -1.01398373e+01,
    -5.15242767e+01, 0., -1.01485748e+01, -5.14763641e+01, 0.,
    -1.01755581e+01, -5.14150543e+01, 0., -1.01569262e+01,
    -5.13591003e+01, 0., -1.01565399e+01, -5.13058205e+01, 0.,
    -1.01652775e+01, -5.12525291e+01, 0., -1.01740141e+01,
    -5.11885796e+01, 0., -1.01462603e+01, -5.11300011e+01, 0.,
    -1.01367579e+01, -5.10767517e+01, 0., -1.01454992e+01,
    -5.10181732e+01, 0., -1.01359968e+01, -5.09596100e+01, 0.,
    -1.01264944e+01, -5.09116516e+01, 0., -1.01534796e+01,
    -5.08504372e+01, 0., -1.01348553e+01, -5.07918854e+01, 0.,
    -1.01253529e+01, -5.07386131e+01, 0., -1.01340942e+01,
    -5.06853409e+01, 0., -1.01428356e+01, -5.06346970e+01, 0.,
    -1.01606989e+01, -5.05787735e+01, 0., -1.01603184e+01,
    -5.05228539e+01, 0., -1.01599369e+01, -5.04616776e+01, 0.,
    -1.01413136e+01, -5.04110107e+01, 0., -1.01591759e+01,
    -5.03577156e+01, 0., -1.01679163e+01, -5.02860794e+01, 0.,
    -1.01128092e+01, -5.02380486e+01, 0., -1.01397972e+01,
    -5.01821632e+01, 0., -1.01394215e+01, -5.01262856e+01, 0.,
    -1.01390467e+01, -5.00730095e+01, 0., -1.01477928e+01,
    -5.00223389e+01, 0., -1.01656590e+01, -4.99560394e+01, 0.,
    -1.01288023e+01, -4.98897629e+01, 0., -1.00919456e+01,
    -4.98364944e+01, 0., -1.01006918e+01, -4.97832184e+01, 0.,
    -1.01094370e+01, -4.97325211e+01, 0., -1.01273031e+01,
    -4.96740570e+01, 0., -1.01178074e+01, -4.96155930e+01, 0.,
    -1.01083126e+01, -4.95597229e+01, 0., -1.01079378e+01,
    -4.95012665e+01, 0., -1.00984440e+01, -4.94531288e+01, 0.,
    -1.01254282e+01, -4.94023933e+01, 0., -1.01432915e+01,
    -4.93336868e+01, 0., -1.00973263e+01, -4.92804222e+01, 0.,
    -1.01060762e+01, -4.92322769e+01, 0., -1.01330643e+01,
    -4.91789856e+01, 0., -1.01418133e+01, -4.91256943e+01, 0.,
    -1.01505623e+01, -4.90621719e+01, 0., -1.01228371e+01,
    -4.90037689e+01, 0., -1.01133499e+01, -4.89479294e+01, 0.,
    -1.01129799e+01, -4.88920822e+01, 0., -1.01126118e+01,
    -4.88336945e+01, 0., -1.01031237e+01, -4.87778549e+01, 0.,
    -1.01027546e+01, -4.87270927e+01, 0., -1.01206217e+01,
    -4.86661758e+01, 0., -1.01020164e+01, -4.86103325e+01, 0.,
    -1.01016474e+01, -4.85544930e+01, 0., -1.01012783e+01,
    -4.84986534e+01, 0., -1.01009092e+01, -4.84478912e+01, 0.,
    -1.01187811e+01, -4.83971176e+01, 0., -1.01366529e+01,
    -4.83337440e+01, 0., -1.01089382e+01, -4.82779350e+01, 0.,
    -1.01085739e+01, -4.82221222e+01, 0., -1.01082106e+01,
    -4.81713295e+01, 0., -1.01260815e+01, -4.81004753e+01, 0.,
    -1.00710163e+01, -4.80471764e+01, 0., -1.00797701e+01,
    -4.79938736e+01, 0., -1.00885239e+01, -4.79380684e+01, 0.,
    -1.00881605e+01, -4.78822632e+01, 0., -1.00877972e+01,
    -4.78214760e+01, 0., -1.00692015e+01, -4.77681656e+01, 0.,
    -1.00779552e+01, -4.77198219e+01, 0., -1.01049404e+01,
    -4.76640091e+01, 0., -1.01045780e+01, -4.76057167e+01, 0.,
    -1.00950985e+01, -4.75548973e+01, 0., -1.01129742e+01,
    -4.74916840e+01, 0., -1.00852680e+01, -4.74383850e+01, 0.,
    -1.00940275e+01, -4.73801346e+01, 0., -1.00845537e+01,
    -4.73342285e+01, 0., -1.01206598e+01, -4.72759819e+01, 0.,
    -1.01111870e+01, -4.72152710e+01, 0., -1.00925980e+01,
    -4.71545792e+01, 0., -1.00740108e+01, -4.70963516e+01, 0.,
    -1.00645390e+01, -4.70454865e+01, 0., -1.00824108e+01,
    -4.69921608e+01, 0., -1.00911694e+01, -4.69339371e+01, 0.,
    -1.00816975e+01, -4.68757210e+01, 0., -1.00722256e+01,
    -4.68248291e+01, 0., -1.00900984e+01, -4.67690544e+01, 0.,
    -1.00897408e+01, -4.67132759e+01, 0., -1.00893841e+01,
    -4.66599655e+01, 0., -1.00981474e+01, -4.65993538e+01, 0.,
    -1.00795670e+01, -4.65484619e+01, 0., -1.00974445e+01,
    -4.64854431e+01, 0., -1.00697517e+01, -4.64321213e+01, 0.,
    -1.00785141e+01, -4.63812141e+01, 0., -1.00963926e+01,
    -4.63254623e+01, 0., -1.00960407e+01, -4.62624779e+01, 0.,
    -1.00683479e+01, -4.62019157e+01, 0., -1.00497704e+01,
    -4.61437759e+01, 0., -1.00403061e+01, -4.60952530e+01, 0.,
    -1.00672960e+01, -4.60419159e+01, 0., -1.00760593e+01,
    -4.59861717e+01, 0., -1.00757084e+01, -4.59280281e+01, 0.,
    -1.00662432e+01, -4.58651123e+01, 0., -1.00385532e+01,
    -4.58093796e+01, 0., -1.00382032e+01, -4.57536774e+01, 0.,
    -1.00378590e+01, -4.57003555e+01, 0., -1.00466270e+01,
