%YAML:1.0
---
scan_line: [ -5.65507584e+01, 0., -1.01296492e+01, -5.64975815e+01, 0.,
    -1.01383734e+01, -5.64355927e+01, 0., -1.01196995e+01,
    -5.63853455e+01, 0., -1.01375561e+01, -5.63204422e+01, 0.,
    -1.01097507e+01, -5.62643318e+01, 0., -1.01093426e+01,
    -5.62052994e+01, 0., -1.00998020e+01, -5.61550331e+01, 0.,
    -1.01176586e+01, -5.61018372e+01, 0., -1.01263828e+01,
    -5.60398941e+01, 0., -1.01077099e+01, -5.59925194e+01, 0.,
    -1.01346970e+01, -5.59393005e+01, 0., -1.01434202e+01,
    -5.58657570e+01, 0., -1.00882225e+01, -5.58125534e+01, 0.,
    -1.00969458e+01, -5.57651443e+01, 0., -1.01239319e+01,
    -5.57090340e+01, 0., -1.01235247e+01, -5.56529160e+01, 0.,
    -1.01231155e+01, -5.55910568e+01, 0., -1.01044483e+01,
    -5.55378761e+01, 0., -1.01131763e+01, -5.54818001e+01, 0.,
    -1.01127720e+01, -5.54257278e+01, 0., -1.01123676e+01,
    -5.53667717e+01, 0., -1.01028328e+01, -5.53078270e+01, 0.,
    -1.00932999e+01, -5.52603760e+01, 0., -1.01202860e+01,
    -5.52129135e+01, 0., -1.01472721e+01, -5.51510887e+01, 0.,
    -1.01286077e+01, -5.50921440e+01, 0., -1.01190729e+01,
    -5.50389290e+01, 0., -1.01278000e+01, -5.49742737e+01, 0.,
    -1.01000061e+01, -5.49182053e+01, 0., -1.00996017e+01,
    -5.48649826e+01, 0., -1.01083269e+01, -5.48060608e+01, 0.,
    -1.00987940e+01, -5.47499886e+01, 0., -1.00983896e+01,
    -5.46968002e+01, 0., -1.01071196e+01, -5.46549683e+01, 0.,
    -1.01523647e+01, -5.45875626e+01, 0., -1.01154480e+01,
    -5.45230179e+01, 0., -1.00876637e+01, -5.44698181e+01, 0.,
    -1.00963917e+01, -5.44251022e+01, 0., -1.01325073e+01,
    -5.43577499e+01, 0., -1.00955925e+01, -5.43017159e+01, 0.,
    -1.00951939e+01, -5.42400360e+01, 0., -1.00765381e+01,
    -5.41783714e+01, 0., -1.00578814e+01, -5.41307983e+01, 0.,
    -1.00848675e+01, -5.40775795e+01, 0., -1.00935955e+01,
    -5.40271606e+01, 0., -1.01114521e+01, -5.39626999e+01, 0.,
    -1.00836687e+01, -5.39094772e+01, 0., -1.00923967e+01,
    -5.38562431e+01, 0., -1.01011248e+01, -5.37974434e+01, 0.,
    -1.00916023e+01, -5.37302666e+01, 0., -1.00546970e+01,
    -5.36798630e+01, 0., -1.00725584e+01, -5.36322403e+01, 0.,
    -1.00995445e+01, -5.35762444e+01, 0., -1.00991497e+01,
    -5.35258102e+01, 0., -1.01170092e+01, -5.34670219e+01, 0.,
    -1.01074867e+01, -5.34054642e+01, 0., -1.00888376e+01,
    -5.33494644e+01, 0., -1.00884428e+01, -5.32906914e+01, 0.,
    -1.00789223e+01, -5.32291641e+01, 0., -1.00602741e+01,
    -5.31814690e+01, 0., -1.00872574e+01, -5.31227112e+01, 0.,
    -1.00777378e+01, -5.30667191e+01, 0., -1.00773430e+01,
    -5.30024452e+01, 0., -1.00495691e+01, -5.29519730e+01, 0.,
    -1.00674267e+01, -5.28905106e+01, 0., -1.00487852e+01,
    -5.28318176e+01, 0., -1.00393009e+01, -5.27841034e+01, 0.,
    -1.00662575e+01, -5.27226601e+01, 0., -1.00476170e+01,
    -5.26721878e+01, 0., -1.00654774e+01, -5.26080284e+01, 0.,
    -1.00377426e+01, -5.25520821e+01, 0., -1.00373535e+01,
    -5.25043221e+01, 0., -1.00643082e+01, -5.24510956e+01, 0.,
    -1.00730438e+01, -5.23924103e+01, 0., -1.00635290e+01,
    -5.23310051e+01, 0., -1.00448904e+01, -5.22750549e+01, 0.,
    -1.00445004e+01, -5.22245407e+01, 0., -1.00623598e+01,
    -5.21685829e+01, 0., -1.00619707e+01, -5.21153412e+01, 0.,
    -1.00707054e+01, -5.20620918e+01, 0., -1.00794392e+01,
    -5.19980469e+01, 0., -1.00516825e+01, -5.19394226e+01, 0.,
    -1.00421734e+01, -5.18889084e+01, 0., -1.00600357e+01,
    -5.18329887e+01, 0., -1.00596514e+01, -5.17689896e+01, 0.,
    -1.00319252e+01, -5.17211456e+01, 0., -1.00588818e+01,
    -5.16679153e+01, 0., -1.00676212e+01, -5.16093063e+01, 0.,
    -1.00581131e+01, -5.15480156e+01, 0., -1.00394812e+01,
    -5.14921036e+01, 0., -1.00390968e+01, -5.14361877e+01, 0.,
    -1.00387115e+01, -5.13856201e+01, 0., -1.00565739e+01,
    -5.13216934e+01, 0., -1.00288496e+01, -5.12657776e+01, 0.,
    -1.00284653e+01, -5.12098694e+01, 0., -1.00280800e+01,
    -5.11566086e+01, 0., -1.00367889e+01, -5.11087112e+01, 0.,
    -1.00637779e+01, -5.10448456e+01, 0., -1.00360308e+01,
    -5.09889641e+01, 0., -1.00356512e+01, -5.09304390e+01, 0.,
    -1.00261793e+01, -5.08825035e+01, 0., -1.00531368e+01,
    -5.08186874e+01, 0., -1.00254211e+01, -5.07707291e+01, 0.,
    -1.00523777e+01, -5.07122040e+01, 0., -1.00428762e+01,
    -5.06484222e+01, 0., -1.00151939e+01, -5.05899162e+01, 0.,
    -1.00057220e+01, -5.05366669e+01, 0., -1.00144348e+01,
    -5.04755554e+01, 0., -9.99587250e+00, -5.04301529e+01, 0.,
    -1.00318584e+01, -5.03795204e+01, 0., -1.00497208e+01,
    -5.03157806e+01, 0., -1.00220079e+01, -5.02703667e+01, 0.,
    -1.00580835e+01, -5.02066650e+01, 0., -1.00303469e+01,
    -5.01456108e+01, 0., -1.00117922e+01, -5.00871658e+01, 0.,
    -1.00023279e+01, -5.00287323e+01, 0., -9.99286366e+00,
    -4.99677048e+01, 0., -9.97430992e+00, -4.99222412e+01, 0.,
    -1.00102978e+01, -4.98638077e+01, 0., -1.00008335e+01,
    -4.98105583e+01, 0., -1.00095510e+01, -4.97547150e+01, 0.,
    -1.00091772e+01, -4.97014542e+01, 0., -1.00178928e+01,
    -4.96430359e+01, 0., -1.00084305e+01, -4.95768890e+01, 0.,
    -9.97169781e+00, -4.95210571e+01, 0., -9.97132492e+00,
    -4.94626579e+01, 0., -9.96186256e+00, -4.94170990e+01, 0.,
    -9.99784660e+00, -4.93586960e+01, 0., -9.98838329e+00,
    -4.93157082e+01, 0., -1.00334911e+01, -4.92547607e+01, 0.,
    -1.00149155e+01, -4.91989517e+01, 0., -1.00145464e+01,
    -4.91405869e+01, 0., -1.00050907e+01, -4.90796814e+01, 0.,
    -9.98654461e+00, -4.90391731e+01, 0., -1.00407696e+01,
    -4.89757042e+01, 0., -1.00130739e+01, -4.89173508e+01, 0.,
    -1.00036182e+01, -4.88615417e+01, 0., -1.00032501e+01,
    -4.88082657e+01, 0., -1.00119705e+01, -4.87499237e+01, 0.,
    -1.00025139e+01, -4.86890564e+01, 0., -9.98397064e+00,
    -4.86383057e+01, 0., -1.00017776e+01, -4.85824966e+01, 0.,
    -1.00014105e+01, -4.85191269e+01, 0., -9.97377872e+00,
    -4.84708786e+01, 0., -1.00006742e+01, -4.84201317e+01, 0.,
    -1.00184870e+01, -4.83568115e+01, 0., -9.99086285e+00,
    -4.82985268e+01, 0., -9.98141384e+00, -4.82377434e+01, 0.,
    -9.96287727e+00, -4.81819801e+01, 0., -9.96251583e+00,
    -4.81262131e+01, 0., -9.96215439e+00, -4.80804405e+01, 0.,
    -9.99814034e+00, -4.80171738e+01, 0., -9.97051716e+00,
    -4.79638977e+01, 0., -9.97924232e+00, -4.79056396e+01, 0.,
    -9.96979332e+00, -4.78498688e+01, 0., -9.96943188e+00,
    -4.77916183e+01, 0., -9.95998383e+00, -4.77408142e+01, 0.,
    -9.97779465e+00, -4.76875191e+01, 0., -9.98651886e+00,
    -4.76342239e+01, 0., -9.99524307e+00, -4.75735016e+01, 0.,
    -9.97670937e+00, -4.75152855e+01, 0., -9.96726704e+00,
    -4.74620209e+01, 0., -9.97599792e+00, -4.74062805e+01, 0.,
    -9.97564125e+00, -4.73480759e+01, 0., -9.96619987e+00,
    -4.72947998e+01, 0., -9.97492981e+00, -4.72415123e+01, 0.,
    -9.98365879e+00, -4.71784134e+01, 0., -9.95604706e+00,
    -4.71202278e+01, 0., -9.94660568e+00, -4.70718384e+01, 0.,
    -9.97350597e+00, -4.70185394e+01, 0., -9.98223495e+00,
    -4.69652367e+01, 0., -9.99096298e+00, -4.69119263e+01, 0.,
    -9.99969196e+00, -4.68488770e+01, 0., -9.97208214e+00,
    -4.67858353e+01, 0., -9.94447136e+00, -4.67301064e+01, 0.,
    -9.94411659e+00, -4.66816559e+01, 0., -9.97101402e+00,
    -4.66283646e+01, 0., -9.97974873e+00, -4.65702362e+01, 0.,
    -9.97031403e+00, -4.65121078e+01, 0., -9.96088028e+00,
    -4.64612274e+01, 0., -9.97869968e+00, -4.64006920e+01, 0.,
    -9.96018124e+00, -4.63425751e+01, 0., -9.95074844e+00,
    -4.62844696e+01, 0., -9.94131470e+00, -4.62311707e+01, 0.,
    -9.95004845e+00, -4.61802673e+01, 0., -9.96786690e+00,
    -4.61173630e+01, 0., -9.94026661e+00, -4.60568733e+01, 0.,
    -9.92175007e+00, -4.60083542e+01, 0., -9.94865036e+00,
    -4.59526482e+01, 0., -9.94830132e+00, -4.58993340e+01, 0.,
    -9.95703411e+00, -4.58483963e+01, 0., -9.97485161e+00,
    -4.57855377e+01, 0., -9.94725227e+00, -4.57298660e+01, 0.,
    -9.94690895e+00, -4.56694412e+01, 0., -9.92840099e+00,
