%YAML:1.0
---
scan_line: [ -5.65625153e+01, 0., -1.01661797e+01, -5.64975815e+01, 0.,
    -1.01383734e+01, -5.64414597e+01, 0., -1.01379652e+01,
    -5.63824120e+01, 0., -1.01284237e+01, -5.63233681e+01, 0.,
    -1.01188831e+01, -5.62701836e+01, 0., -1.01276073e+01,
    -5.62052994e+01, 0., -1.00998020e+01, -5.61462746e+01, 0.,
    -1.00902615e+01, -5.60960045e+01, 0., -1.01081181e+01,
    -5.60428085e+01, 0., -1.01168423e+01, -5.59896088e+01, 0.,
    -1.01255655e+01, -5.59305840e+01, 0., -1.01160250e+01,
    -5.58715668e+01, 0., -1.01064854e+01, -5.58212624e+01, 0.,
    -1.01243401e+01, -5.57651443e+01, 0., -1.01239319e+01,
    -5.57061348e+01, 0., -1.01143923e+01, -5.56529160e+01, 0.,
    -1.01231155e+01, -5.55910568e+01, 0., -1.01044483e+01,
    -5.55465355e+01, 0., -1.01405678e+01, -5.54846840e+01, 0.,
    -1.01219025e+01, -5.54343719e+01, 0., -1.01397600e+01,
    -5.53725281e+01, 0., -1.01210938e+01, -5.53164520e+01, 0.,
    -1.01206903e+01, -5.52603760e+01, 0., -1.01202860e+01,
    -5.52014313e+01, 0., -1.01107521e+01, -5.51510887e+01, 0.,
    -1.01286077e+01, -5.50892792e+01, 0., -1.01099434e+01,
    -5.50332069e+01, 0., -1.01095390e+01, -5.49771309e+01, 0.,
    -1.01091356e+01, -5.49239120e+01, 0., -1.01178608e+01,
    -5.48678360e+01, 0., -1.01174564e+01, -5.48117561e+01, 0.,
    -1.01170521e+01, -5.47471390e+01, 0., -1.00892611e+01,
    -5.46996422e+01, 0., -1.01162472e+01, -5.46379204e+01, 0.,
    -1.00975904e+01, -5.45790482e+01, 0., -1.00880632e+01,
    -5.45343590e+01, 0., -1.01241789e+01, -5.44641533e+01, 0.,
    -1.00781345e+01, -5.44109497e+01, 0., -1.00868645e+01,
    -5.43520966e+01, 0., -1.00773354e+01, -5.42988892e+01, 0.,
    -1.00860653e+01, -5.42485008e+01, 0., -1.01039219e+01,
    -5.41896477e+01, 0., -1.00943947e+01, -5.41420631e+01, 0.,
    -1.01213799e+01, -5.40775795e+01, 0., -1.00935955e+01,
    -5.40187302e+01, 0., -1.00840683e+01, -5.39655113e+01, 0.,
    -1.00927963e+01, -5.38982582e+01, 0., -1.00558863e+01,
    -5.38478394e+01, 0., -1.00737419e+01, -5.37946434e+01, 0.,
    -1.00824747e+01, -5.37386475e+01, 0., -1.00820799e+01,
    -5.36798630e+01, 0., -1.00725584e+01, -5.36266594e+01, 0.,
    -1.00812902e+01, -5.35678787e+01, 0., -1.00717678e+01,
    -5.35146713e+01, 0., -1.00805016e+01, -5.34614601e+01, 0.,
    -1.00892324e+01, -5.34137993e+01, 0., -1.01162186e+01,
    -5.33494644e+01, 0., -1.00884428e+01, -5.32962418e+01, 0.,
    -1.00971746e+01, -5.32374687e+01, 0., -1.00876522e+01,
    -5.31814690e+01, 0., -1.00872574e+01, -5.31199493e+01, 0.,
    -1.00686102e+01, -5.30611954e+01, 0., -1.00590906e+01,
    -5.30024452e+01, 0., -1.00495691e+01, -5.29547272e+01, 0.,
    -1.00765533e+01, -5.28960190e+01, 0., -1.00670366e+01,
    -5.28345566e+01, 0., -1.00483952e+01, -5.27841034e+01, 0.,
    -1.00662575e+01, -5.27281494e+01, 0., -1.00658674e+01,
    -5.26667099e+01, 0., -1.00472269e+01, -5.26134987e+01, 0.,
    -1.00559635e+01, -5.25630112e+01, 0., -1.00738239e+01,
    -5.25043221e+01, 0., -1.00643082e+01, -5.24401855e+01, 0.,
    -1.00365744e+01, -5.23978615e+01, 0., -1.00817785e+01,
    -5.23364563e+01, 0., -1.00631390e+01, -5.22804947e+01, 0.,
    -1.00627499e+01, -5.22218246e+01, 0., -1.00532360e+01,
    -5.21685829e+01, 0., -1.00619707e+01, -5.21072044e+01, 0.,
    -1.00433321e+01, -5.20512543e+01, 0., -1.00429420e+01,
    -5.19899445e+01, 0., -1.00243702e+01, -5.19367294e+01, 0.,
    -1.00330791e+01, -5.18835068e+01, 0., -1.00417881e+01,
    -5.18275909e+01, 0., -1.00414038e+01, -5.17689896e+01, 0.,
    -1.00319252e+01, -5.17184525e+01, 0., -1.00497589e+01,
    -5.16598473e+01, 0., -1.00402498e+01, -5.16012535e+01, 0.,
    -1.00307713e+01, -5.15480156e+01, 0., -1.00394812e+01,
    -5.14921036e+01, 0., -1.00390968e+01, -5.14308472e+01, 0.,
    -1.00205269e+01, -5.13776016e+01, 0., -1.00292339e+01,
    -5.13243523e+01, 0., -1.00379429e+01, -5.12684402e+01, 0.,
    -1.00375576e+01, -5.12151871e+01, 0., -1.00462952e+01,
    -5.11566086e+01, 0., -1.00367889e+01, -5.10980759e+01, 0.,
    -1.00273170e+01, -5.10368958e+01, 0., -1.00087538e+01,
    -5.09836731e+01, 0., -1.00174675e+01, -5.09251518e+01, 0.,
    -1.00079956e+01, -5.08772049e+01, 0., -1.00348930e+01,
    -5.08213234e+01, 0., -1.00345135e+01, -5.07628098e+01, 0.,
    -1.00250416e+01, -5.07095604e+01, 0., -1.00337543e+01,
    -5.06510468e+01, 0., -1.00242834e+01, -5.05951691e+01, 0.,
    -1.00239048e+01, -5.05366669e+01, 0., -1.00144348e+01,
    -5.04886665e+01, 0., -1.00413589e+01, -5.04354095e+01, 0.,
    -1.00501013e+01, -5.03690453e+01, 0., -1.00132980e+01,
    -5.03183937e+01, 0., -1.00311003e+01, -5.02625122e+01, 0.,
    -1.00307207e+01, -5.02014503e+01, 0., -1.00121660e+01,
    -5.01456108e+01, 0., -1.00117922e+01, -5.00871658e+01, 0.,
    -1.00023279e+01, -5.00287323e+01, 0., -9.99286366e+00,
    -4.99780807e+01, 0., -1.00106716e+01, -4.99222412e+01, 0.,
    -1.00102978e+01, -4.98689880e+01, 0., -1.00190144e+01,
    -4.98209229e+01, 0., -1.00459709e+01, -4.97573013e+01, 0.,
    -1.00182667e+01, -4.97014542e+01, 0., -1.00178928e+01,
    -4.96456108e+01, 0., -1.00175190e+01, -4.95923386e+01, 0.,
    -1.00262356e+01, -4.95262032e+01, 0., -9.98950386e+00,
    -4.94755058e+01, 0., -1.00073099e+01, -4.94247971e+01, 0.,
    -1.00251141e+01, -4.93663864e+01, 0., -1.00156507e+01,
    -4.93182755e+01, 0., -1.00426102e+01, -4.92624550e+01, 0.,
    -1.00422430e+01, -4.92015038e+01, 0., -1.00236359e+01,
    -4.91431351e+01, 0., -1.00141783e+01, -4.90771332e+01, 0.,
    -9.97745609e+00, -4.90264244e+01, 0., -9.99526596e+00,
    -4.89706192e+01, 0., -9.99489784e+00, -4.89198914e+01, 0.,
    -1.00127068e+01, -4.88590012e+01, 0., -9.99416161e+00,
    -4.88082657e+01, 0., -1.00119705e+01, -4.87448578e+01, 0.,
    -9.98433781e+00, -4.86941147e+01, 0., -1.00021458e+01,
    -4.86408310e+01, 0., -1.00108662e+01, -4.85799751e+01, 0.,
    -9.99232292e+00, -4.85317307e+01, 0., -1.00192175e+01,
    -4.84759140e+01, 0., -1.00188494e+01, -4.84251823e+01, 0.,
    -1.00367231e+01, -4.83618393e+01, 0., -1.00090370e+01,
    -4.82985268e+01, 0., -9.98141384e+00, -4.82477684e+01, 0.,
    -9.99922562e+00, -4.81894913e+01, 0., -9.98977661e+00,
    -4.81312103e+01, 0., -9.98032761e+00, -4.80829353e+01, 0.,
    -1.00072269e+01, -4.80221672e+01, 0., -9.98869133e+00,
    -4.79688835e+01, 0., -9.99741554e+00, -4.79081268e+01, 0.,
    -9.97887993e+00, -4.78498688e+01, 0., -9.96943188e+00,
    -4.77916183e+01, 0., -9.95998383e+00, -4.77457733e+01, 0.,
    -9.99596786e+00, -4.76825638e+01, 0., -9.96834660e+00,
    -4.76292725e+01, 0., -9.97707081e+00, -4.75710258e+01, 0.,
    -9.96762276e+00, -4.75152855e+01, 0., -9.96726704e+00,
    -4.74644852e+01, 0., -9.98508263e+00, -4.74013481e+01, 0.,
    -9.95746994e+00, -4.73554611e+01, 0., -9.99345684e+00,
    -4.72997169e+01, 0., -9.99310017e+00, -4.72415123e+01, 0.,
    -9.98365879e+00, -4.71882210e+01, 0., -9.99238777e+00,
    -4.71251259e+01, 0., -9.96477604e+00, -4.70718384e+01, 0.,
    -9.97350597e+00, -4.70185394e+01, 0., -9.98223495e+00,
    -4.69579163e+01, 0., -9.96370888e+00, -4.69046173e+01, 0.,
    -9.97243786e+00, -4.68440018e+01, 0., -9.95391273e+00,
    -4.67906990e+01, 0., -9.96264076e+00, -4.67349663e+01, 0.,
    -9.96228504e+00, -4.66719475e+01, 0., -9.93467712e+00,
    -4.66259460e+01, 0., -9.97066498e+00, -4.65678101e+01, 0.,
    -9.96123028e+00, -4.65121078e+01, 0., -9.96088028e+00,
    -4.64588165e+01, 0., -9.96961498e+00, -4.63982811e+01, 0.,
    -9.95109749e+00, -4.63425751e+01, 0., -9.95074844e+00,
    -4.62868729e+01, 0., -9.95039845e+00, -4.62383804e+01, 0.,
    -9.97730064e+00, -4.61802673e+01, 0., -9.96786690e+00,
    -4.61197586e+01, 0., -9.94934940e+00, -4.60688477e+01, 0.,
    -9.96716690e+00, -4.60083542e+01, 0., -9.94865036e+00,
    -4.59502602e+01, 0., -9.93921757e+00, -4.58921738e+01, 0.,
    -9.92978573e+00, -4.58364754e+01, 0., -9.92943573e+00,
    -4.57831573e+01, 0., -9.93816948e+00, -4.57322426e+01, 0.,
    -9.95599174e+00, -4.56741905e+01, 0., -9.94656658e+00,
