%YAML:1.0
---
scan_line: [ -5.64862518e+01, 0., -9.92920971e+00, -5.64360504e+01, 0.,
    -9.94700813e+00, -5.63741455e+01, 0., -9.92839813e+00,
    -5.63151741e+01, 0., -9.91889000e+00, -5.62562103e+01, 0.,
    -9.90938187e+00, -5.62001648e+01, 0., -9.90897560e+00,
    -5.61441154e+01, 0., -9.90857029e+00, -5.60909767e+01, 0.,
    -9.91726685e+00, -5.60349274e+01, 0., -9.91686058e+00,
    -5.59701691e+01, 0., -9.88914871e+00, -5.59170303e+01, 0.,
    -9.89784622e+00, -5.58638840e+01, 0., -9.90654182e+00,
    -5.58136253e+01, 0., -9.92433834e+00, -5.57575722e+01, 0.,
    -9.92393208e+00, -5.56986313e+01, 0., -9.91442585e+00,
    -5.56396980e+01, 0., -9.90491867e+00, -5.55807686e+01, 0.,
    -9.89541245e+00, -5.55334015e+01, 0., -9.92231274e+00,
    -5.54687576e+01, 0., -9.89460945e+00, -5.54213753e+01, 0.,
    -9.92150879e+00, -5.53624878e+01, 0., -9.91200733e+00,
    -5.53093452e+01, 0., -9.92070580e+00, -5.52533340e+01, 0.,
    -9.92030334e+00, -5.51944542e+01, 0., -9.91080284e+00,
    -5.51413040e+01, 0., -9.91950035e+00, -5.50795746e+01, 0.,
    -9.90089893e+00, -5.50264206e+01, 0., -9.90959740e+00,
    -5.49761124e+01, 0., -9.92739487e+00, -5.49143982e+01, 0.,
    -9.90879440e+00, -5.48555374e+01, 0., -9.89929295e+00,
    -5.48023758e+01, 0., -9.90799046e+00, -5.47492065e+01, 0.,
    -9.91668797e+00, -5.46903534e+01, 0., -9.90718746e+00,
    -5.46372147e+01, 0., -9.91588879e+00, -5.45840683e+01, 0.,
    -9.92459106e+00, -5.45337524e+01, 0., -9.94239140e+00,
    -5.44664574e+01, 0., -9.90559769e+00, -5.44133072e+01, 0.,
    -9.91429901e+00, -5.43573303e+01, 0., -9.91390228e+00,
    -5.42900810e+01, 0., -9.87711143e+00, -5.42425613e+01, 0.,
    -9.90400887e+00, -5.41837769e+01, 0., -9.89451408e+00,
    -5.41165695e+01, 0., -9.85772419e+00, -5.40690269e+01, 0.,
    -9.88462162e+00, -5.40158615e+01, 0., -9.89332199e+00,
    -5.39570885e+01, 0., -9.88382721e+00, -5.39039154e+01, 0.,
    -9.89252758e+00, -5.38423576e+01, 0., -9.87393570e+00,
    -5.37835999e+01, 0., -9.86444092e+00, -5.37388306e+01, 0.,
    -9.90043831e+00, -5.36745377e+01, 0., -9.87275505e+00,
    -5.36130371e+01, 0., -9.85416794e+00, -5.35515556e+01, 0.,
    -9.83558083e+00, -5.35039749e+01, 0., -9.86248016e+00,
    -5.34452705e+01, 0., -9.85299110e+00, -5.33948898e+01, 0.,
    -9.87079239e+00, -5.33389626e+01, 0., -9.87040043e+00,
    -5.32775002e+01, 0., -9.85181427e+00, -5.32271042e+01, 0.,
    -9.86961555e+00, -5.31711769e+01, 0., -9.86922359e+00,
    -5.31207619e+01, 0., -9.88702202e+00, -5.30565643e+01, 0.,
    -9.85934258e+00, -5.29951324e+01, 0., -9.84075832e+00,
    -5.29447098e+01, 0., -9.85855770e+00, -5.28942795e+01, 0.,
    -9.87635708e+00, -5.28383827e+01, 0., -9.87596893e+00,
    -5.27879677e+01, 0., -9.89377308e+00, -5.27265892e+01, 0.,
    -9.87519455e+00, -5.26706924e+01, 0., -9.87480640e+00,
    -5.26175308e+01, 0., -9.88351440e+00, -5.25534439e+01, 0.,
    -9.85584068e+00, -5.25057335e+01, 0., -9.88273811e+00,
    -5.24334869e+01, 0., -9.82778168e+00, -5.23830490e+01, 0.,
    -9.84558487e+00, -5.23298798e+01, 0., -9.85429192e+00,
    -5.22821350e+01, 0., -9.88118744e+00, -5.22235260e+01, 0.,
    -9.87170601e+00, -5.21649170e+01, 0., -9.86222363e+00,
    -5.21117325e+01, 0., -9.87093067e+00, -5.20558357e+01, 0.,
    -9.87054348e+00, -5.19972382e+01, 0., -9.86106110e+00,
    -5.19494705e+01, 0., -9.88796139e+00, -5.18828278e+01, 0.,
    -9.85120201e+00, -5.18269691e+01, 0., -9.85081959e+00,
    -5.17764969e+01, 0., -9.86862564e+00, -5.17125778e+01, 0.,
    -9.84096241e+00, -5.16594048e+01, 0., -9.84967327e+00,
    -5.16035500e+01, 0., -9.84929085e+00, -5.15450172e+01, 0.,
    -9.83981514e+00, -5.14918404e+01, 0., -9.84852600e+00,
    -5.14359856e+01, 0., -9.84814358e+00, -5.13721237e+01, 0.,
    -9.82048225e+00, -5.13162727e+01, 0., -9.82009983e+00,
    -5.12710800e+01, 0., -9.85609055e+00, -5.12098999e+01, 0.,
    -9.83752155e+00, -5.11540489e+01, 0., -9.83714008e+00,
    -5.11035080e+01, 0., -9.85494232e+00, -5.10529861e+01, 0.,
    -9.87274933e+00, -5.09839096e+01, 0., -9.82691097e+00,
    -5.09307404e+01, 0., -9.83562660e+00, -5.08775673e+01, 0.,
    -9.84434128e+00, -5.08243904e+01, 0., -9.85305595e+00,
    -5.07632904e+01, 0., -9.83449554e+00, -5.07180099e+01, 0.,
    -9.87048435e+00, -5.06516495e+01, 0., -9.83374119e+00,
    -5.05984650e+01, 0., -9.84245491e+00, -5.05452690e+01, 0.,
    -9.85116959e+00, -5.04946899e+01, 0., -9.86897469e+00,
    -5.04309998e+01, 0., -9.84132385e+00, -5.03725586e+01, 0.,
    -9.83185577e+00, -5.03167419e+01, 0., -9.83147812e+00,
    -5.02556992e+01, 0., -9.81291962e+00, -5.01972809e+01, 0.,
    -9.80345249e+00, -5.01415062e+01, 0., -9.80308151e+00,
    -5.00935364e+01, 0., -9.82998085e+00, -5.00403519e+01, 0.,
    -9.83870029e+00, -4.99793701e+01, 0., -9.82014847e+00,
    -4.99183998e+01, 0., -9.80159569e+00, -4.98703957e+01, 0.,
    -9.82849503e+00, -4.98146095e+01, 0., -9.82812309e+00,
    -4.97536545e+01, 0., -9.80957222e+00, -4.96952934e+01, 0.,
    -9.80011177e+00, -4.96472549e+01, 0., -9.82700920e+00,
    -4.95863152e+01, 0., -9.80845833e+00, -4.95408363e+01, 0.,
    -9.84444523e+00, -4.94747581e+01, 0., -9.80771542e+00,
    -4.94292526e+01, 0., -9.84370136e+00, -4.93734627e+01, 0.,
    -9.84332943e+00, -4.93074188e+01, 0., -9.80660152e+00,
    -4.92465515e+01, 0., -9.78805828e+00, -4.91882515e+01, 0.,
    -9.77860355e+00, -4.91401825e+01, 0., -9.80550385e+00,
    -4.90844345e+01, 0., -9.80513763e+00, -4.90261383e+01, 0.,
    -9.79568291e+00, -4.89703979e+01, 0., -9.79531765e+00,
    -4.89222832e+01, 0., -9.82221794e+00, -4.88614502e+01, 0.,
    -9.80367470e+00, -4.88006248e+01, 0., -9.78513336e+00,
    -4.87448883e+01, 0., -9.78476715e+00, -4.86916809e+01, 0.,
    -9.79348946e+00, -4.86384659e+01, 0., -9.80221176e+00,
    -4.85903015e+01, 0., -9.82911015e+00, -4.85395889e+01, 0.,
    -9.84691811e+00, -4.84762688e+01, 0., -9.81929016e+00,
    -4.84179993e+01, 0., -9.80983639e+00, -4.83522224e+01, 0.,
    -9.77312660e+00, -4.83040543e+01, 0., -9.80002880e+00,
    -4.82483368e+01, 0., -9.79966927e+00, -4.81901169e+01, 0.,
    -9.79022121e+00, -4.81344070e+01, 0., -9.78986168e+00,
    -4.80811958e+01, 0., -9.79858971e+00, -4.80279770e+01, 0.,
    -9.80731583e+00, -4.79672699e+01, 0., -9.78878212e+00,
    -4.79165421e+01, 0., -9.80659580e+00, -4.78558502e+01, 0.,
    -9.78806305e+00, -4.78001366e+01, 0., -9.78770256e+00,
    -4.77444267e+01, 0., -9.78734303e+00, -4.76787910e+01, 0.,
    -9.75063801e+00, -4.76280479e+01, 0., -9.76845074e+00,
    -4.75772896e+01, 0., -9.78626347e+00, -4.75215797e+01, 0.,
    -9.78590393e+00, -4.74609604e+01, 0., -9.76737785e+00,
    -4.74077530e+01, 0., -9.77610970e+00, -4.73570023e+01, 0.,
    -9.79392719e+00, -4.72988586e+01, 0., -9.78448868e+00,
    -4.72505493e+01, 0., -9.81138992e+00, -4.71850433e+01, 0.,
    -9.77469444e+00, -4.71293640e+01, 0., -9.77434158e+00,
    -4.70736847e+01, 0., -9.77398682e+00, -4.70180092e+01, 0.,
    -9.77363396e+00, -4.69672165e+01, 0., -9.79144955e+00,
    -4.69139748e+01, 0., -9.80018044e+00, -4.68534126e+01, 0.,
    -9.78165722e+00, -4.67977333e+01, 0., -9.78130341e+00,
    -4.67420540e+01, 0., -9.78094959e+00, -4.66888008e+01, 0.,
    -9.78967953e+00, -4.66331177e+01, 0., -9.78932571e+00,
    -4.65701942e+01, 0., -9.76172638e+00, -4.65169716e+01, 0.,
    -9.77046204e+00, -4.64637413e+01, 0., -9.77919865e+00,
    -4.64008484e+01, 0., -9.75159836e+00, -4.63452072e+01, 0.,
    -9.75125122e+00, -4.62871552e+01, 0., -9.74181938e+00,
    -4.62339249e+01, 0., -9.75055695e+00, -4.61758804e+01, 0.,
    -9.74112511e+00, -4.61178360e+01, 0., -9.73169518e+00,
    -4.60646057e+01, 0., -9.74043083e+00, -4.60137558e+01, 0.,
    -9.75825024e+00, -4.59533272e+01, 0., -9.73973560e+00,
    -4.58976898e+01, 0., -9.73938751e+00, -4.58420486e+01, 0.,
    -9.73904133e+00, -4.57887955e+01, 0., -9.74777603e+00,
    -4.57331543e+01, 0., -9.74742889e+00, -4.56775436e+01, 0.,
    -9.74708748e+00, -4.56219330e+01, 0., -9.74674702e+00,
