%YAML:1.0
---
scan_line: [ -5.66124840e+01, 0., -1.03214378e+01, -5.65592422e+01, 0.,
    -1.03301601e+01, -5.64942665e+01, 0., -1.03023520e+01,
    -5.64468880e+01, 0., -1.03293381e+01, -5.63789978e+01, 0.,
    -1.02923975e+01, -5.63316040e+01, 0., -1.03193846e+01,
    -5.62695847e+01, 0., -1.03007097e+01, -5.62017403e+01, 0.,
    -1.02637711e+01, -5.61543274e+01, 0., -1.02907562e+01,
    -5.60952492e+01, 0., -1.02812147e+01, -5.60361786e+01, 0.,
    -1.02716732e+01, -5.59741974e+01, 0., -1.02529993e+01,
    -5.59151382e+01, 0., -1.02434578e+01, -5.58589859e+01, 0.,
    -1.02430477e+01, -5.58028336e+01, 0., -1.02426386e+01,
    -5.57379913e+01, 0., -1.02148352e+01, -5.56818466e+01, 0.,
    -1.02144260e+01, -5.56228523e+01, 0., -1.02048903e+01,
    -5.55609741e+01, 0., -1.01862221e+01, -5.55106468e+01, 0.,
    -1.02040796e+01, -5.54516640e+01, 0., -1.01945438e+01,
    -5.53926811e+01, 0., -1.01850080e+01, -5.53279572e+01, 0.,
    -1.01572113e+01, -5.52689972e+01, 0., -1.01476774e+01,
    -5.52157822e+01, 0., -1.01564026e+01, -5.51625595e+01, 0.,
    -1.01651287e+01, -5.51064682e+01, 0., -1.01647243e+01,
    -5.50446548e+01, 0., -1.01460590e+01, -5.49942856e+01, 0.,
    -1.01639137e+01, -5.49381943e+01, 0., -1.01635094e+01,
    -5.48792496e+01, 0., -1.01539745e+01, -5.48288612e+01, 0.,
    -1.01718302e+01, -5.47613754e+01, 0., -1.01349068e+01,
    -5.47081757e+01, 0., -1.01436357e+01, -5.46492844e+01, 0.,
    -1.01341076e+01, -5.45932388e+01, 0., -1.01337070e+01,
    -5.45371933e+01, 0., -1.01333065e+01, -5.44698181e+01, 0.,
    -1.00963917e+01, -5.44137840e+01, 0., -1.00959921e+01,
    -5.43549194e+01, 0., -1.00864649e+01, -5.42960663e+01, 0.,
    -1.00769367e+01, -5.42400360e+01, 0., -1.00765381e+01,
    -5.41783714e+01, 0., -1.00578814e+01, -5.41195450e+01, 0.,
    -1.00483847e+01, -5.40635223e+01, 0., -1.00479851e+01,
    -5.40018997e+01, 0., -1.00293913e+01, -5.39542809e+01, 0.,
    -1.00562849e+01, -5.38842850e+01, 0., -1.00103979e+01,
    -5.38254814e+01, 0., -1.00009022e+01, -5.37639351e+01, 0.,
    -9.98231411e+00, -5.37163315e+01, 0., -1.00092106e+01,
    -5.36603622e+01, 0., -1.00088177e+01, -5.36043854e+01, 0.,
    -1.00084238e+01, -5.35428619e+01, 0., -9.98983574e+00,
    -5.34841194e+01, 0., -9.98034668e+00, -5.34337006e+01, 0.,
    -9.99814606e+00, -5.33777313e+01, 0., -9.99775124e+00,
    -5.33134651e+01, 0., -9.97006798e+00, -5.32492142e+01, 0.,
    -9.94238567e+00, -5.31932602e+01, 0., -9.94199371e+00,
    -5.31483421e+01, 0., -9.97798443e+00, -5.30896225e+01, 0.,
    -9.96849442e+00, -5.30309143e+01, 0., -9.95900440e+00,
    -5.29722061e+01, 0., -9.94951534e+00, -5.29162521e+01, 0.,
    -9.94912243e+00, -5.28466148e+01, 0., -9.90325737e+00,
    -5.27961884e+01, 0., -9.92105961e+00, -5.27430191e+01, 0.,
    -9.92976665e+00, -5.26843681e+01, 0., -9.92028332e+00,
    -5.26284599e+01, 0., -9.91989517e+00, -5.25725479e+01, 0.,
    -9.91950703e+00, -5.25111847e+01, 0., -9.90092850e+00,
    -5.24498329e+01, 0., -9.88235092e+00, -5.23966522e+01, 0.,
    -9.89105797e+00, -5.23380318e+01, 0., -9.88157558e+00,
    -5.22739944e+01, 0., -9.85390377e+00, -5.22181015e+01, 0.,
    -9.85351658e+00, -5.21649170e+01, 0., -9.86222363e+00,
    -5.21117325e+01, 0., -9.87093067e+00, -5.20504303e+01, 0.,
    -9.85235500e+00, -5.19864349e+01, 0., -9.82468510e+00,
    -5.19305878e+01, 0., -9.82430267e+00, -5.18774376e+01, 0.,
    -9.83301544e+00, -5.18188934e+01, 0., -9.82353878e+00,
    -5.17603607e+01, 0., -9.81406403e+00, -5.16991425e+01, 0.,
    -9.79549503e+00, -5.16459846e+01, 0., -9.80420589e+00,
    -5.15928268e+01, 0., -9.81291771e+00, -5.15396614e+01, 0.,
    -9.82162857e+00, -5.14757919e+01, 0., -9.79396820e+00,
    -5.14092636e+01, 0., -9.75721455e+00, -5.13587723e+01, 0.,
    -9.77501869e+00, -5.13002739e+01, 0., -9.76554298e+00,
    -5.12391167e+01, 0., -9.74697685e+00, -5.11886139e+01, 0.,
    -9.76478100e+00, -5.11248245e+01, 0., -9.73715305e+00,
    -5.10690002e+01, 0., -9.73677158e+00, -5.10158577e+01, 0.,
    -9.74545765e+00, -5.09574280e+01, 0., -9.73602009e+00,
    -5.08963699e+01, 0., -9.71751976e+00, -5.08484879e+01, 0.,
    -9.74432945e+00, -5.07900696e+01, 0., -9.73489189e+00,
    -5.07290230e+01, 0., -9.71639252e+00, -5.06706161e+01, 0.,
    -9.70695496e+00, -5.06122131e+01, 0., -9.69751835e+00,
    -5.05669212e+01, 0., -9.73338890e+00, -5.05006638e+01, 0.,
    -9.69676781e+00, -5.04396591e+01, 0., -9.67826939e+00,
    -5.03943367e+01, 0., -9.71413898e+00, -5.03359413e+01, 0.,
    -9.70470238e+00, -5.02671356e+01, 0., -9.65902233e+00,
    -5.02009544e+01, 0., -9.62240410e+00, -5.01452026e+01, 0.,
    -9.62202930e+00, -5.00894852e+01, 0., -9.62166023e+00,
    -5.00415459e+01, 0., -9.64847183e+00, -4.99832306e+01, 0.,
    -9.63904190e+00, -4.99275055e+01, 0., -9.63867188e+00,
    -4.98691940e+01, 0., -9.62924290e+00, -4.98108864e+01, 0.,
    -9.61981392e+00, -4.97603302e+01, 0., -9.63756371e+00,
    -4.96968727e+01, 0., -9.61001492e+00, -4.96334305e+01, 0.,
    -9.58246803e+00, -4.95802956e+01, 0., -9.59115696e+00,
    -4.95245857e+01, 0., -9.59078789e+00, -4.94637413e+01, 0.,
    -9.57230091e+00, -4.94106026e+01, 0., -9.58099174e+00,
    -4.93523331e+01, 0., -9.57156372e+00, -4.92966270e+01, 0.,
    -9.57119370e+00, -4.92358093e+01, 0., -9.55270767e+00,
    -4.91775894e+01, 0., -9.54328537e+00, -4.91244774e+01, 0.,
    -9.55198193e+00, -4.90637207e+01, 0., -9.53350163e+00,
    -4.90182343e+01, 0., -9.56937218e+00, -4.89574738e+01, 0.,
    -9.55089283e+00, -4.88967361e+01, 0., -9.53241348e+00,
    -4.88410759e+01, 0., -9.53205013e+00, -4.87803497e+01, 0.,
    -9.51357079e+00, -4.87221642e+01, 0., -9.50414944e+00,
    -4.86665115e+01, 0., -9.50378799e+00, -4.86058121e+01, 0.,
    -9.48530960e+00, -4.85476379e+01, 0., -9.47588921e+00,
    -4.84945145e+01, 0., -9.48458481e+00, -4.84388695e+01, 0.,
    -9.48422241e+00, -4.83807106e+01, 0., -9.47480297e+00,
    -4.83300858e+01, 0., -9.49255562e+00, -4.82669487e+01, 0.,
    -9.46502686e+00, -4.82088394e+01, 0., -9.45561218e+00,
    -4.81457367e+01, 0., -9.42811489e+00, -4.80876503e+01, 0.,
    -9.41873264e+00, -4.80345383e+01, 0., -9.42740345e+00,
    -4.79864120e+01, 0., -9.45418739e+00, -4.79183807e+01, 0.,
    -9.40863800e+00, -4.78652725e+01, 0., -9.41730881e+00,
    -4.78121490e+01, 0., -9.42597961e+00, -4.77466621e+01, 0.,
    -9.38951683e+00, -4.76886063e+01, 0., -9.38013649e+00,
    -4.76280899e+01, 0., -9.36172771e+00, -4.75799026e+01, 0.,
    -9.38845062e+00, -4.75243187e+01, 0., -9.38809586e+00,
    -4.74662743e+01, 0., -9.37871456e+00, -4.74057770e+01, 0.,
    -9.36030674e+00, -4.73600426e+01, 0., -9.39606094e+00,
    -4.72971344e+01, 0., -9.36863422e+00, -4.72415848e+01, 0.,
    -9.36828423e+00, -4.71811447e+01, 0., -9.34988403e+00,
    -4.71182747e+01, 0., -9.32245827e+00, -4.70651817e+01, 0.,
    -9.33113480e+00, -4.70096436e+01, 0., -9.33078575e+00,
    -4.69541054e+01, 0., -9.33043671e+00, -4.68912773e+01, 0.,
    -9.30301285e+00, -4.68405991e+01, 0., -9.32071304e+00,
    -4.67899132e+01, 0., -9.33841515e+00, -4.67319527e+01, 0.,
    -9.32904053e+00, -4.66715736e+01, 0., -9.31064224e+00,
    -4.66136322e+01, 0., -9.30126953e+00, -4.65581017e+01, 0.,
    -9.30092049e+00, -4.64929276e+01, 0., -9.26447392e+00,
    -4.64326248e+01, 0., -9.24608326e+00, -4.63771439e+01, 0.,
    -9.24574089e+00, -4.63168564e+01, 0., -9.22735119e+00,
    -4.62685776e+01, 0., -9.25408077e+00, -4.62130928e+01, 0.,
    -9.25373840e+00, -4.61480331e+01, 0., -9.21730232e+00,
    -4.60973434e+01, 0., -9.23500729e+00, -4.60394745e+01, 0.,
    -9.22564125e+00, -4.59792290e+01, 0., -9.20725250e+00,
    -4.59309044e+01, 0., -9.23398209e+00, -4.58682861e+01, 0.,
    -9.20656872e+00, -4.58104401e+01, 0., -9.19720459e+00,
    -4.57597198e+01, 0., -9.21490860e+00, -4.57018700e+01, 0.,
    -9.20554352e+00, -4.56464005e+01, 0., -9.20520210e+00,
    -4.55932999e+01, 0., -9.21388340e+00, -4.55284042e+01, 0.,
    -9.17745686e+00, -4.54729767e+01, 0., -9.17712212e+00,
