%YAML:1.0
---
scan_line: [ 2.75100002e+01, 0., -1.45872097e+01, 2.75400009e+01, 0.,
    -1.44924898e+01, 2.75699997e+01, 0., -1.43731804e+01, 2.76000004e+01,
    0., -1.42751799e+01, 2.76299992e+01, 0., -1.41771803e+01,
    2.76599998e+01, 0., -1.40087500e+01, 2.76900005e+01, 0.,
    -1.38495903e+01, 2.77199993e+01, 0., -1.36904297e+01, 2.77500000e+01,
    0., -1.35312700e+01, 2.77800007e+01, 0., -1.33624897e+01,
    2.78099995e+01, 0., -1.32436504e+01, 2.78400002e+01, 0.,
    -1.31248102e+01, 2.78700008e+01, 0., -1.29731197e+01, 2.78999996e+01,
    0., -1.28512001e+01, 2.79300003e+01, 0., -1.27292805e+01,
    2.79599991e+01, 0., -1.25816402e+01, 2.79899998e+01, 0.,
    -1.24660797e+01, 2.80200005e+01, 0., -1.23505201e+01, 2.80499992e+01,
    0., -1.22095699e+01, 2.80799999e+01, 0., -1.20975704e+01,
    2.81100006e+01, 0., -1.19565096e+01, 2.81399994e+01, 0.,
    -1.18407097e+01, 2.81700001e+01, 0., -1.17249098e+01, 2.82000008e+01,
    0., -1.15939798e+01, 2.82299995e+01, 0., -1.14967403e+01,
    2.82600002e+01, 0., -1.13994999e+01, 2.82900009e+01, 0.,
    -1.12767601e+01, 2.83199997e+01, 0., -1.11784401e+01, 2.83500004e+01,
    0., -1.10605001e+01, 2.83799992e+01, 0., -1.09721003e+01,
    2.84099998e+01, 0., -1.08837004e+01, 2.84400005e+01, 0.,
    -1.07492399e+01, 2.84699993e+01, 0., -1.06368799e+01, 2.85000000e+01,
    0., -1.05122995e+01, 2.85300007e+01, 0., -1.04317398e+01,
    2.85599995e+01, 0., -1.03511801e+01, 2.85900002e+01, 0.,
    -1.02425804e+01, 2.86200008e+01, 0., -1.01541796e+01, 2.86499996e+01,
    0., -1.00427999e+01, 2.86800003e+01, 0., -9.95324039e+00,
    2.87099991e+01, 0., -9.84084034e+00, 2.87399998e+01, 0.,
    -9.75055981e+00, 2.87700005e+01, 0., -9.66028023e+00, 2.87999992e+01,
    0., -9.56556034e+00, 2.88299999e+01, 0., -9.49343967e+00,
    2.88600006e+01, 0., -9.39367008e+00, 2.88899994e+01, 0.,
    -9.30883026e+00, 2.89200001e+01, 0., -9.20242977e+00, 2.89500008e+01,
    0., -9.11707020e+00, 2.89799995e+01, 0., -9.01109028e+00,
    2.90100002e+01, 0., -8.92864990e+00, 2.90400009e+01, 0.,
    -8.84620953e+00, 2.90699997e+01, 0., -8.74368000e+00, 2.91000004e+01,
    0., -8.66180038e+00, 2.91299992e+01, 0., -8.56879997e+00,
    2.91599998e+01, 0., -8.49948025e+00, 2.91900005e+01, 0.,
    -8.41318989e+00, 2.92199993e+01, 0., -8.34467030e+00, 2.92500000e+01,
    0., -8.25809956e+00, 2.92800007e+01, 0., -8.18614006e+00,
    2.93099995e+01, 0., -8.09475040e+00, 2.93400002e+01, 0.,
    -8.01710987e+00, 2.93700008e+01, 0., -7.93946981e+00, 2.93999996e+01,
    0., -7.86115980e+00, 2.94300003e+01, 0., -7.80232000e+00,
    2.94599991e+01, 0., -7.70844984e+00, 2.94899998e+01, 0.,
    -7.62937021e+00, 2.95200005e+01, 0., -7.53081989e+00, 2.95499992e+01,
    0., -7.45217991e+00, 2.95799999e+01, 0., -7.36550999e+00,
    2.96100006e+01, 0., -7.31026983e+00, 2.96399994e+01, 0.,
    -7.24251986e+00, 2.96700001e+01, 0., -7.19000006e+00, 2.97000008e+01,
    0., -7.11193991e+00, 2.97299995e+01, 0., -7.03473997e+00,
    2.97600002e+01, 0., -6.93988991e+00, 2.97900009e+01, 0.,
    -6.86960983e+00, 2.98199997e+01, 0., -6.78069019e+00, 2.98500004e+01,
    0., -6.70617008e+00, 2.98799992e+01, 0., -6.61720991e+00,
    2.99099998e+01, 0., -6.55973005e+00, 2.99400005e+01, 0.,
    -6.50225019e+00, 2.99699993e+01, 0., -6.42715979e+00, 30., 0.,
    -6.35276985e+00, 3.00300007e+01, 0., -6.29813004e+00, 3.00599995e+01,
    0., -6.22687006e+00, 3.00900002e+01, 0., -6.16063023e+00,
    3.01200008e+01, 0., -6.09438992e+00, 3.01499996e+01, 0.,
    -6.01885986e+00, 3.01800003e+01, 0., -5.95998001e+00, 3.02099991e+01,
    0., -5.88495016e+00, 3.02399998e+01, 0., -5.82470989e+00,
    3.02700005e+01, 0., -5.75150013e+00, 3.02999992e+01, 0.,
    -5.69341993e+00, 3.03299999e+01, 0., -5.61770010e+00, 3.03600006e+01,
    0., -5.55658007e+00, 3.03899994e+01, 0., -5.48604012e+00,
    3.04200001e+01, 0., -5.41808987e+00, 3.04500008e+01, 0.,
    -5.36729002e+00, 3.04799995e+01, 0., -5.30119991e+00, 3.05100002e+01,
    0., -5.24007988e+00, 3.05400009e+01, 0., -5.16312981e+00,
    3.05699997e+01, 0., -5.10000992e+00, 3.06000004e+01, 0.,
    -5.02361012e+00, 3.06299992e+01, 0., -4.97057009e+00, 3.06599998e+01,
    0., -4.90588999e+00, 3.06900005e+01, 0., -4.85937023e+00,
    3.07199993e+01, 0., -4.79752016e+00, 3.07500000e+01, 0.,
    -4.73636007e+00, 3.07800007e+01, 0., -4.66792011e+00, 3.08099995e+01,
    0., -4.62287998e+00, 3.08400002e+01, 0., -4.56358004e+00,
    3.08700008e+01, 0., -4.51253986e+00, 3.08999996e+01, 0.,
    -4.44120979e+00, 3.09300003e+01, 0., -4.38016987e+00, 3.09599991e+01,
    0., -4.30360985e+00, 3.09899998e+01, 0., -4.24229002e+00,
    3.10200005e+01, 0., -4.17641020e+00, 3.10499992e+01, 0.,
    -4.12944984e+00, 3.10799999e+01, 0., -4.06989002e+00, 3.11100006e+01,
    0., -4.02189016e+00, 3.11399994e+01, 0., -3.95985007e+00,
    3.11700001e+01, 0., -3.90981007e+00, 3.12000008e+01, 0.,
    -3.84418988e+00, 3.12299995e+01, 0., -3.77894998e+00, 3.12600002e+01,
    0., -3.73042989e+00, 3.12900009e+01, 0., -3.66969991e+00,
    3.13199997e+01, 0., -3.62109995e+00, 3.13500004e+01, 0.,
    -3.56219006e+00, 3.13799992e+01, 0., -3.51727009e+00, 3.14099998e+01,
    0., -3.45830989e+00, 3.14400005e+01, 0., -3.40783000e+00,
    3.14699993e+01, 0., -3.34576988e+00, 3.15000000e+01, 0.,
    -3.29673004e+00, 3.15300007e+01, 0., -3.23317003e+00, 3.15599995e+01,
    0., -3.18121004e+00, 3.15900002e+01, 0., -3.12134004e+00,
    3.16200008e+01, 0., -3.07450008e+00, 3.16499996e+01, 0.,
    -3.01722002e+00, 3.16800003e+01, 0., -2.96066999e+00, 3.17099991e+01,
    0., -2.91674995e+00, 3.17399998e+01, 0., -2.86012006e+00,
    3.17700005e+01, 0., -2.80956006e+00, 3.17999992e+01, 0.,
    -2.74716997e+00, 3.18299999e+01, 0., -2.69825006e+00, 3.18600006e+01,
    0., -2.63963008e+00, 3.18899994e+01, 0., -2.59411001e+00,
    3.19200001e+01, 0., -2.53437996e+00, 3.19500008e+01, 0.,
    -2.48517990e+00, 3.19799995e+01, 0., -2.42442012e+00, 3.20099983e+01,
    0., -2.36659002e+00, 3.20400009e+01, 0., -2.32887006e+00,
    3.20699997e+01, 0., -2.27821994e+00, 3.20999985e+01, 0.,
    -2.22677994e+00, 3.21300011e+01, 0., -2.16325998e+00, 3.21599998e+01,
    0., -2.11346006e+00, 3.21899986e+01, 0., -2.06055999e+00,
    3.22200012e+01, 0., -2.02331996e+00, 3.22500000e+01, 0.,
    -1.97261000e+00, 3.22799988e+01, 0., -1.93121004e+00, 3.23100014e+01,
    0., -1.88529003e+00, 3.23400002e+01, 0., -1.83776999e+00,
    3.23699989e+01, 0., -1.79013002e+00, 3.24000015e+01, 0.,
    -1.72881997e+00, 3.24300003e+01, 0., -1.67773998e+00, 3.24599991e+01,
    0., -1.62144005e+00, 3.24900017e+01, 0., -1.58052003e+00,
    3.25200005e+01, 0., -1.52769995e+00, 3.25499992e+01, 0.,
    -1.48513997e+00, 3.25800018e+01, 0., -1.42578995e+00, 3.26100006e+01,
    0., -1.36965001e+00, 3.26399994e+01, 0., -1.33973002e+00,
    3.26699982e+01, 0., -1.30034995e+00, 3.27000008e+01, 0.,
    -1.26654994e+00, 3.27299995e+01, 0., -1.21436000e+00, 3.27599983e+01,
    0., -1.16735995e+00, 3.27900009e+01, 0., -1.10970998e+00,
    3.28199997e+01, 0., -1.05271995e+00, 3.28499985e+01, 0.,
    -1.00839996e+00, 3.28800011e+01, 0., -9.54460025e-01, 3.29099998e+01,
    0., -9.13060009e-01, 3.29399986e+01, 0., -8.61549973e-01,
    3.29700012e+01, 0., -8.20789993e-01, 33., 0., -7.80849993e-01,
    3.30299988e+01, 0., -7.43439972e-01, 3.30600014e+01, 0.,
    -6.98119998e-01, 3.30900002e+01, 0., -6.43469989e-01, 3.31199989e+01,
    0., -6.02190018e-01, 3.31500015e+01, 0., -5.49790025e-01,
    3.31800003e+01, 0., -5.06910026e-01, 3.32099991e+01, 0.,
    -4.59340006e-01, 3.32400017e+01, 0., -4.24580008e-01, 3.32700005e+01,
    0., -3.82450014e-01, 3.32999992e+01, 0., -3.38270009e-01,
    3.33300018e+01, 0., -2.95549989e-01, 3.33600006e+01, 0.,
    -2.39989996e-01, 3.33899994e+01, 0., -1.93069994e-01, 3.34199982e+01,
    0., -1.40499994e-01, 3.34500008e+01, 0., -1.01700000e-01,
    3.34799995e+01, 0., -4.81900014e-02, 3.35099983e+01, 0.,
    1.21000002e-03, 3.35400009e+01, 0., 2.35699993e-02, 3.35699997e+01,
