%YAML:1.0
---
scan_line: [ 2.90699997e+01, 0., -1.50792799e+01, 2.91000004e+01, 0.,
    -1.52420301e+01, 2.91299992e+01, 0., -1.52772703e+01, 2.91599998e+01,
    0., -1.52690802e+01, 2.91900005e+01, 0., -1.52285004e+01,
    2.92199993e+01, 0., -1.51342201e+01, 2.92500000e+01, 0.,
    -1.50399399e+01, 2.92800007e+01, 0., -1.48735199e+01, 2.93099995e+01,
    0., -1.47307196e+01, 2.93400002e+01, 0., -1.45879202e+01,
    2.93700008e+01, 0., -1.44251699e+01, 2.93999996e+01, 0.,
    -1.43033705e+01, 2.94300003e+01, 0., -1.41815701e+01, 2.94599991e+01,
    0., -1.40487204e+01, 2.94899998e+01, 0., -1.39528399e+01,
    2.95200005e+01, 0., -1.38377600e+01, 2.95499992e+01, 0.,
    -1.37514400e+01, 2.95799999e+01, 0., -1.36651201e+01, 2.96100006e+01,
    0., -1.35270901e+01, 2.96399994e+01, 0., -1.34106503e+01,
    2.96700001e+01, 0., -1.32769403e+01, 2.97000008e+01, 0.,
    -1.31843796e+01, 2.97299995e+01, 0., -1.30657301e+01, 2.97600002e+01,
    0., -1.29615297e+01, 2.97900009e+01, 0., -1.28573303e+01,
    2.98199997e+01, 0., -1.27339802e+01, 2.98500004e+01, 0.,
    -1.26437397e+01, 2.98799992e+01, 0., -1.25350904e+01, 2.99099998e+01,
    0., -1.24616098e+01, 2.99400005e+01, 0., -1.23881302e+01,
    2.99699993e+01, 0., -1.22748804e+01, 30., 0., -1.21800003e+01,
    3.00300007e+01, 0., -1.20706396e+01, 3.00599995e+01, 0.,
    -1.19942799e+01, 3.00900002e+01, 0., -1.19016199e+01, 3.01200008e+01,
    0., -1.18308601e+01, 3.01499996e+01, 0., -1.17383699e+01,
    3.01800003e+01, 0., -1.16515703e+01, 3.02099991e+01, 0.,
    -1.15647697e+01, 3.02399998e+01, 0., -1.14575005e+01, 3.02700005e+01,
    0., -1.13719797e+01, 3.02999992e+01, 0., -1.12796402e+01,
    3.03299999e+01, 0., -1.12136002e+01, 3.03600006e+01, 0.,
    -1.11351805e+01, 3.03899994e+01, 0., -1.10775404e+01, 3.04200001e+01,
    0., -1.09895000e+01, 3.04500008e+01, 0., -1.08999796e+01,
    3.04799995e+01, 0., -1.07990599e+01, 3.05100002e+01, 0.,
    -1.07316198e+01, 3.05400009e+01, 0., -1.06462402e+01, 3.05699997e+01,
    0., -1.05744801e+01, 3.06000004e+01, 0., -1.04862499e+01,
    3.06299992e+01, 0., -1.04204102e+01, 3.06599998e+01, 0.,
    -1.03545704e+01, 3.06900005e+01, 0., -1.02733498e+01, 3.07199993e+01,
    0., -1.02086296e+01, 3.07500000e+01, 0., -1.01334600e+01,
    3.07800007e+01, 0., -1.00745001e+01, 3.08099995e+01, 0.,
    -9.98731995e+00, 3.08400002e+01, 0., -9.91487980e+00, 3.08700008e+01,
    0., -9.82005024e+00, 3.08999996e+01, 0., -9.74341011e+00,
    3.09300003e+01, 0., -9.66469955e+00, 3.09599991e+01, 0.,
    -9.61089993e+00, 3.09899998e+01, 0., -9.54337978e+00, 3.10200005e+01,
    0., -9.48925972e+00, 3.10499992e+01, 0., -9.42556953e+00,
    3.10799999e+01, 0., -9.37677002e+00, 3.11100006e+01, 0.,
    -9.30955029e+00, 3.11399994e+01, 0., -9.25255013e+00, 3.11700001e+01,
    0., -9.16635036e+00, 3.12000008e+01, 0., -9.08950996e+00,
    3.12299995e+01, 0., -9.01093006e+00, 3.12600002e+01, 0.,
    -8.95744991e+00, 3.12900009e+01, 0., -8.89144039e+00, 3.13199997e+01,
    0., -8.83915997e+00, 3.13500004e+01, 0., -8.76984978e+00,
    3.13799992e+01, 0., -8.71236992e+00, 3.14099998e+01, 0.,
    -8.62792015e+00, 3.14400005e+01, 0., -8.55788040e+00, 3.14699993e+01,
    0., -8.48270988e+00, 3.15000000e+01, 0., -8.42918968e+00,
    3.15300007e+01, 0., -8.36192989e+00, 3.15599995e+01, 0.,
    -8.30809021e+00, 3.15900002e+01, 0., -8.24569988e+00, 3.16200008e+01,
    0., -8.19678020e+00, 3.16499996e+01, 0., -8.13284969e+00,
    3.16800003e+01, 0., -8.06855965e+00, 3.17099991e+01, 0.,
    -8.01823997e+00, 3.17399998e+01, 0., -7.95569992e+00, 3.17700005e+01,
    0., -7.90689993e+00, 3.17999992e+01, 0., -7.84427977e+00,
    3.18299999e+01, 0., -7.78904009e+00, 3.18600006e+01, 0.,
    -7.72427988e+00, 3.18899994e+01, 0., -7.67776012e+00, 3.19200001e+01,
    0., -7.62019014e+00, 3.19500008e+01, 0., -7.57483006e+00,
    3.19799995e+01, 0., -7.51382017e+00, 3.20099983e+01, 0.,
    -7.45993996e+00, 3.20400009e+01, 0., -7.40116978e+00, 3.20699997e+01,
    0., -7.35880995e+00, 3.20999985e+01, 0., -7.29359007e+00,
    3.21300011e+01, 0., -7.23486996e+00, 3.21599998e+01, 0.,
    -7.17424011e+00, 3.21899986e+01, 0., -7.12835979e+00, 3.22200012e+01,
    0., -7.06813002e+00, 3.22500000e+01, 0., -7.00731993e+00,
    3.22799988e+01, 0., -6.95896006e+00, 3.23100014e+01, 0.,
    -6.89875984e+00, 3.23400002e+01, 0., -6.85143995e+00, 3.23699989e+01,
    0., -6.79247999e+00, 3.24000015e+01, 0., -6.74567986e+00,
    3.24300003e+01, 0., -6.68530989e+00, 3.24599991e+01, 0.,
    -6.63478994e+00, 3.24900017e+01, 0., -6.59190989e+00, 3.25200005e+01,
    0., -6.56851006e+00, 3.25499992e+01, 0., -6.51667976e+00,
    3.25800018e+01, 0., -6.47071981e+00, 3.26100006e+01, 0.,
    -6.41322994e+00, 3.26399994e+01, 0., -6.35351992e+00, 3.26699982e+01,
    0., -6.29860020e+00, 3.27000008e+01, 0., -6.23748016e+00,
    3.27299995e+01, 0., -6.19776011e+00, 3.27599983e+01, 0.,
    -6.14375019e+00, 3.27900009e+01, 0., -6.09538984e+00, 3.28199997e+01,
    0., -6.03794003e+00, 3.28499985e+01, 0., -5.99357986e+00,
    3.28800011e+01, 0., -5.94493008e+00, 3.29099998e+01, 0.,
    -5.90972996e+00, 3.29399986e+01, 0., -5.85081005e+00, 3.29700012e+01,
    0., -5.79273987e+00, 33., 0., -5.76085997e+00, 3.30299988e+01, 0.,
    -5.71262980e+00, 3.30600014e+01, 0., -5.66411018e+00, 3.30900002e+01,
    0., -5.60780001e+00, 3.31199989e+01, 0., -5.56512022e+00,
    3.31500015e+01, 0., -5.50898981e+00, 3.31800003e+01, 0.,
    -5.46266985e+00, 3.32099991e+01, 0., -5.41545010e+00, 3.32400017e+01,
    0., -5.37185001e+00, 3.32700005e+01, 0., -5.34025002e+00,
    3.32999992e+01, 0., -5.29327011e+00, 3.33300018e+01, 0.,
    -5.24678993e+00, 3.33600006e+01, 0., -5.19496012e+00, 3.33899994e+01,
    0., -5.15691996e+00, 3.34199982e+01, 0., -5.10341978e+00,
    3.34500008e+01, 0., -5.05745983e+00, 3.34799995e+01, 0.,
    -5.01036978e+00, 3.35099983e+01, 0., -4.96778011e+00, 3.35400009e+01,
    0., -4.93966007e+00, 3.35699997e+01, 0., -4.89175987e+00,
    3.35999985e+01, 0., -4.83824015e+00, 3.36300011e+01, 0.,
    -4.78039980e+00, 3.36599998e+01, 0., -4.73899984e+00, 3.36899986e+01,
    0., -4.70975018e+00, 3.37200012e+01, 0., -4.68034983e+00,
    3.37500000e+01, 0., -4.63854980e+00, 3.37799988e+01, 0.,
    -4.58610010e+00, 3.38100014e+01, 0., -4.54390001e+00, 3.38400002e+01,
    0., -4.49985981e+00, 3.38699989e+01, 0., -4.46933985e+00,
    3.39000015e+01, 0., -4.42022991e+00, 3.39300003e+01, 0.,
    -4.37878990e+00, 3.39599991e+01, 0., -4.33424997e+00, 3.39900017e+01,
    0., -4.29020977e+00, 3.40200005e+01, 0., -4.25085020e+00,
    3.40499992e+01, 0., -4.20781994e+00, 3.40800018e+01, 0.,
    -4.18081999e+00, 3.41100006e+01, 0., -4.13358021e+00, 3.41399994e+01,
    0., -4.08351994e+00, 3.41699982e+01, 0., -4.04544020e+00,
    3.42000008e+01, 0., -3.99548006e+00, 3.42299995e+01, 0.,
    -3.94828010e+00, 3.42599983e+01, 0., -3.90595007e+00, 3.42900009e+01,
    0., -3.89223003e+00, 3.43199997e+01, 0., -3.84403992e+00,
    3.43499985e+01, 0., -3.79491997e+00, 3.43800011e+01, 0.,
    -3.77776003e+00, 3.44099998e+01, 0., -3.74448991e+00, 3.44399986e+01,
    0., -3.70376992e+00, 3.44700012e+01, 0., -3.64873004e+00,
    3.45000000e+01, 0., -3.60248995e+00, 3.45299988e+01, 0.,
    -3.56544995e+00, 3.45600014e+01, 0., -3.53180003e+00, 3.45900002e+01,
    0., -3.49916005e+00, 3.46199989e+01, 0., -3.45580006e+00,
    3.46500015e+01, 0., -3.41804004e+00, 3.46800003e+01, 0.,
    -3.37351990e+00, 3.47099991e+01, 0., -3.33936000e+00, 3.47400017e+01,
    0., -3.30738997e+00, 3.47700005e+01, 0., -3.27222991e+00,
    3.47999992e+01, 0., -3.22543001e+00, 3.48300018e+01, 0.,
    -3.18327999e+00, 3.48600006e+01, 0., -3.16924000e+00, 3.48899994e+01,
    0., -3.12527990e+00, 3.49199982e+01, 0., -3.07996988e+00,
    3.49500008e+01, 0., -3.06057000e+00, 3.49799995e+01, 0.,
    -3.02380991e+00, 3.50099983e+01, 0., -2.97949004e+00, 3.50400009e+01,
    0., -2.92881989e+00, 3.50699997e+01, 0., -2.89086008e+00,
    3.50999985e+01, 0., -2.85362005e+00, 3.51300011e+01, 0.,
