%YAML:1.0
---
scan_line: [ 1.84799995e+01, 0., -2.86486893e+01, 1.85100002e+01, 0.,
    -2.86526909e+01, 1.85400009e+01, 0., -2.86516495e+01, 1.85699997e+01,
    0., -2.86512394e+01, 1.86000004e+01, 0., -2.86578007e+01,
    1.86299992e+01, 0., -2.86611996e+01, 1.86599998e+01, 0.,
    -2.86581593e+01, 1.86900005e+01, 0., -2.86303291e+01, 1.87199993e+01,
    0., -2.85953293e+01, 1.87500000e+01, 0., -2.85385208e+01,
    1.87800007e+01, 0., -2.84775600e+01, 1.88099995e+01, 0.,
    -2.84165993e+01, 1.88400002e+01, 0., -2.83241291e+01, 1.88700008e+01,
    0., -2.82469292e+01, 1.88999996e+01, 0., -2.81521091e+01,
    1.89300003e+01, 0., -2.80782700e+01, 1.89599991e+01, 0.,
    -2.80044308e+01, 1.89899998e+01, 0., -2.79164696e+01, 1.90200005e+01,
    0., -2.78515091e+01, 1.90499992e+01, 0., -2.77865505e+01,
    1.90799999e+01, 0., -2.76954994e+01, 1.91100006e+01, 0.,
    -2.76207809e+01, 1.91399994e+01, 0., -2.75313606e+01, 1.91700001e+01,
    0., -2.74726391e+01, 1.92000008e+01, 0., -2.74139194e+01,
    1.92299995e+01, 0., -2.73284492e+01, 1.92600002e+01, 0.,
    -2.72536907e+01, 1.92900009e+01, 0., -2.71789303e+01, 1.93199997e+01,
    0., -2.70998402e+01, 1.93500004e+01, 0., -2.70394402e+01,
    1.93799992e+01, 0., -2.69592705e+01, 1.94099998e+01, 0.,
    -2.68895893e+01, 1.94400005e+01, 0., -2.68199100e+01, 1.94699993e+01,
    0., -2.67393494e+01, 1.95000000e+01, 0., -2.66783905e+01,
    1.95300007e+01, 0., -2.65995197e+01, 1.95599995e+01, 0.,
    -2.65280800e+01, 1.95900002e+01, 0., -2.64566402e+01, 1.96200008e+01,
    0., -2.63729401e+01, 1.96499996e+01, 0., -2.63128605e+01,
    1.96800003e+01, 0., -2.62373295e+01, 1.97099991e+01, 0.,
    -2.61757698e+01, 1.97399998e+01, 0., -2.61142101e+01, 1.97700005e+01,
    0., -2.60360298e+01, 1.97999992e+01, 0., -2.59721107e+01,
    1.98299999e+01, 0., -2.59081898e+01, 1.98600006e+01, 0.,
    -2.58316307e+01, 1.98899994e+01, 0., -2.57710705e+01, 1.99200001e+01,
    0., -2.57016792e+01, 1.99500008e+01, 0., -2.56495991e+01,
    1.99799995e+01, 0., -2.55787296e+01, 2.00100002e+01, 0.,
    -2.55037708e+01, 2.00400009e+01, 0., -2.54288101e+01, 2.00699997e+01,
    0., -2.53538895e+01, 2.01000004e+01, 0., -2.53040905e+01,
    2.01299992e+01, 0., -2.52398605e+01, 2.01599998e+01, 0.,
    -2.51823807e+01, 2.01900005e+01, 0., -2.51249008e+01, 2.02199993e+01,
    0., -2.50610905e+01, 2.02500000e+01, 0., -2.50117302e+01,
    2.02800007e+01, 0., -2.49363594e+01, 2.03099995e+01, 0.,
    -2.48598404e+01, 2.03400002e+01, 0., -2.47833195e+01, 2.03700008e+01,
    0., -2.47119102e+01, 2.03999996e+01, 0., -2.46597099e+01,
    2.04300003e+01, 0., -2.45961208e+01, 2.04599991e+01, 0.,
    -2.45462399e+01, 2.04899998e+01, 0., -2.44835205e+01, 2.05200005e+01,
    0., -2.44322796e+01, 2.05499992e+01, 0., -2.43810406e+01,
    2.05799999e+01, 0., -2.43158493e+01, 2.06100006e+01, 0.,
    -2.42635307e+01, 2.06399994e+01, 0., -2.41993103e+01, 2.06700001e+01,
    0., -2.41486301e+01, 2.07000008e+01, 0., -2.40837097e+01,
    2.07299995e+01, 0., -2.40299892e+01, 2.07600002e+01, 0.,
    -2.39642105e+01, 2.07900009e+01, 0., -2.39161701e+01, 2.08199997e+01,
    0., -2.38681297e+01, 2.08500004e+01, 0., -2.38076401e+01,
    2.08799992e+01, 0., -2.37591209e+01, 2.09099998e+01, 0.,
    -2.36969204e+01, 2.09400005e+01, 0., -2.36453609e+01, 2.09699993e+01,
    0., -2.35788498e+01, 21., 0., -2.35190506e+01, 2.10300007e+01, 0.,
    -2.34592495e+01, 2.10599995e+01, 0., -2.33927498e+01, 2.10900002e+01,
    0., -2.33440704e+01, 2.11200008e+01, 0., -2.32761993e+01,
    2.11499996e+01, 0., -2.32136402e+01, 2.11800003e+01, 0.,
    -2.31435699e+01, 2.12099991e+01, 0., -2.31135292e+01, 2.12399998e+01,
    0., -2.30706501e+01, 2.12700005e+01, 0., -2.30193691e+01,
    2.12999992e+01, 0., -2.29680901e+01, 2.13299999e+01, 0.,
    -2.29005508e+01, 2.13600006e+01, 0., -2.28459091e+01, 2.13899994e+01,
    0., -2.27810593e+01, 2.14200001e+01, 0., -2.27333393e+01,
    2.14500008e+01, 0., -2.26731300e+01, 2.14799995e+01, 0.,
    -2.26232109e+01, 2.15100002e+01, 0., -2.25627804e+01, 2.15400009e+01,
    0., -2.25209808e+01, 2.15699997e+01, 0., -2.24791794e+01,
    2.16000004e+01, 0., -2.24185200e+01, 2.16299992e+01, 0.,
    -2.23683605e+01, 2.16599998e+01, 0., -2.23113995e+01, 2.16900005e+01,
    0., -2.22689610e+01, 2.17199993e+01, 0., -2.22139206e+01,
    2.17500000e+01, 0., -2.21676807e+01, 2.17800007e+01, 0.,
    -2.21105900e+01, 2.18099995e+01, 0., -2.20673103e+01, 2.18400002e+01,
    0., -2.20102406e+01, 2.18700008e+01, 0., -2.19552803e+01,
    2.18999996e+01, 0., -2.19003201e+01, 2.19300003e+01, 0.,
    -2.18442402e+01, 2.19599991e+01, 0., -2.18019199e+01, 2.19899998e+01,
    0., -2.17446899e+01, 2.20200005e+01, 0., -2.16966896e+01,
    2.20499992e+01, 0., -2.16373596e+01, 2.20799999e+01, 0.,
    -2.15908394e+01, 2.21100006e+01, 0., -2.15321198e+01, 2.21399994e+01,
    0., -2.14846001e+01, 2.21700001e+01, 0., -2.14295101e+01,
    2.22000008e+01, 0., -2.13995094e+01, 2.22299995e+01, 0.,
    -2.13593407e+01, 2.22600002e+01, 0., -2.13187008e+01, 2.22900009e+01,
    0., -2.12780609e+01, 2.23199997e+01, 0., -2.12215805e+01,
    2.23500004e+01, 0., -2.11752605e+01, 2.23799992e+01, 0.,
    -2.11185207e+01, 2.24099998e+01, 0., -2.10734406e+01, 2.24400005e+01,
    0., -2.10174198e+01, 2.24699993e+01, 0., -2.09727802e+01,
    2.25000000e+01, 0., -2.09136791e+01, 2.25300007e+01, 0.,
    -2.08624802e+01, 2.25599995e+01, 0., -2.08110104e+01, 2.25900002e+01,
    0., -2.07849693e+01, 2.26200008e+01, 0., -2.07427902e+01,
    2.26499996e+01, 0., -2.06975498e+01, 2.26800003e+01, 0.,
    -2.06414394e+01, 2.27099991e+01, 0., -2.05983200e+01, 2.27399998e+01,
    0., -2.05440502e+01, 2.27700005e+01, 0., -2.04996109e+01,
    2.27999992e+01, 0., -2.04551697e+01, 2.28299999e+01, 0.,
    -2.04126492e+01, 2.28600006e+01, 0., -2.03812504e+01, 2.28899994e+01,
    0., -2.03336391e+01, 2.29200001e+01, 0., -2.02939205e+01,
    2.29500008e+01, 0., -2.02429504e+01, 2.29799995e+01, 0.,
    -2.02019501e+01, 2.30100002e+01, 0., -2.01453304e+01, 2.30400009e+01,
    0., -2.00972500e+01, 2.30699997e+01, 0., -2.00430298e+01,
    2.31000004e+01, 0., -2.00027905e+01, 2.31299992e+01, 0.,
    -1.99564095e+01, 2.31599998e+01, 0., -1.99240494e+01, 2.31900005e+01,
    0., -1.98821793e+01, 2.32199993e+01, 0., -1.98479805e+01,
    2.32500000e+01, 0., -1.97981300e+01, 2.32800007e+01, 0.,
    -1.97497692e+01, 2.33099995e+01, 0., -1.96924591e+01, 2.33400002e+01,
    0., -1.96504593e+01, 2.33700008e+01, 0., -1.96017494e+01,
    2.33999996e+01, 0., -1.95750694e+01, 2.34300003e+01, 0.,
    -1.95333309e+01, 2.34599991e+01, 0., -1.94898891e+01, 2.34899998e+01,
    0., -1.94357300e+01, 2.35200005e+01, 0., -1.93929291e+01,
    2.35499992e+01, 0., -1.93403301e+01, 2.35799999e+01, 0.,
    -1.93013306e+01, 2.36100006e+01, 0., -1.92547398e+01, 2.36399994e+01,
    0., -1.92245407e+01, 2.36700001e+01, 0., -1.91831703e+01,
    2.37000008e+01, 0., -1.91384907e+01, 2.37299995e+01, 0.,
    -1.90841999e+01, 2.37600002e+01, 0., -1.90459194e+01, 2.37900009e+01,
    0., -1.90076408e+01, 2.38199997e+01, 0., -1.89554806e+01,
    2.38500004e+01, 0., -1.89129601e+01, 2.38799992e+01, 0.,
    -1.88640003e+01, 2.39099998e+01, 0., -1.88256798e+01, 2.39400005e+01,
    0., -1.87888908e+01, 2.39699993e+01, 0., -1.87616901e+01, 24., 0.,
    -1.87173309e+01, 2.40300007e+01, 0., -1.86798496e+01, 2.40599995e+01,
    0., -1.86334496e+01, 2.40900002e+01, 0., -1.85964508e+01,
    2.41200008e+01, 0., -1.85522404e+01, 2.41499996e+01, 0.,
    -1.85173206e+01, 2.41800003e+01, 0., -1.84646397e+01, 2.42099991e+01,
    0., -1.84207592e+01, 2.42399998e+01, 0., -1.83765106e+01,
    2.42700005e+01, 0., -1.83433094e+01, 2.42999992e+01, 0.,
    -1.83063202e+01, 2.43299999e+01, 0., -1.82776794e+01, 2.43600006e+01,
    0., -1.82316093e+01, 2.43899994e+01, 0., -1.81927700e+01,
    2.44200001e+01, 0., -1.81397495e+01, 2.44500008e+01, 0.,
    -1.80964699e+01, 2.44799995e+01, 0., -1.80651608e+01, 2.45100002e+01,
    0., -1.80447197e+01, 2.45400009e+01, 0., -1.79946804e+01,
