%YAML:1.0
---
scan_line: [ 1.39799995e+01, 0., -2.86208000e+01, 1.40100002e+01, 0.,
    -2.85159206e+01, 1.40400000e+01, 0., -2.84110394e+01, 1.40699997e+01,
    0., -2.83061600e+01, 1.41000004e+01, 0., -2.81753502e+01,
    1.41300001e+01, 0., -2.80721893e+01, 1.41599998e+01, 0.,
    -2.79690304e+01, 1.41899996e+01, 0., -2.78658695e+01, 1.42500000e+01,
    0., -2.76310501e+01, 1.42799997e+01, 0., -2.75257702e+01,
    1.43100004e+01, 0., -2.74204903e+01, 1.43699999e+01, 0.,
    -2.71881199e+01, 1.43999996e+01, 0., -2.70873604e+01, 1.44300003e+01,
    0., -2.69866009e+01, 1.44600000e+01, 0., -2.68858395e+01,
    1.44899998e+01, 0., -2.67672005e+01, 1.45200005e+01, 0.,
    -2.66738396e+01, 1.45500002e+01, 0., -2.65804806e+01, 1.45799999e+01,
    0., -2.64626408e+01, 1.46099997e+01, 0., -2.63672409e+01,
    1.46400003e+01, 0., -2.62718391e+01, 1.46700001e+01, 0.,
    -2.61764393e+01, 1.46999998e+01, 0., -2.60592709e+01, 1.47299995e+01,
    0., -2.59659901e+01, 1.47600002e+01, 0., -2.58727093e+01,
    1.47900000e+01, 0., -2.57582092e+01, 1.48199997e+01, 0.,
    -2.56736908e+01, 1.48500004e+01, 0., -2.55891705e+01, 1.48800001e+01,
    0., -2.55046501e+01, 1.49099998e+01, 0., -2.54050999e+01,
    1.49399996e+01, 0., -2.53267803e+01, 1.49700003e+01, 0.,
    -2.52484608e+01, 15., 0., -2.51367092e+01, 1.50299997e+01, 0.,
    -2.50446301e+01, 1.50600004e+01, 0., -2.49525509e+01, 1.50900002e+01,
    0., -2.48446102e+01, 1.51199999e+01, 0., -2.47669697e+01,
    1.51499996e+01, 0., -2.46893291e+01, 1.51800003e+01, 0.,
    -2.45932102e+01, 1.52100000e+01, 0., -2.45175705e+01, 1.52399998e+01,
    0., -2.44419308e+01, 1.52700005e+01, 0., -2.43471394e+01,
    1.53000002e+01, 0., -2.42709007e+01, 1.53299999e+01, 0.,
    -2.41946602e+01, 1.53599997e+01, 0., -2.40978508e+01, 1.53900003e+01,
    0., -2.40158501e+01, 1.54200001e+01, 0., -2.39338493e+01,
    1.54499998e+01, 0., -2.38339405e+01, 1.54799995e+01, 0.,
    -2.37625008e+01, 1.55100002e+01, 0., -2.36910591e+01, 1.55400000e+01,
    0., -2.36013298e+01, 1.55699997e+01, 0., -2.35285301e+01,
    1.56000004e+01, 0., -2.34557304e+01, 1.56300001e+01, 0.,
    -2.33642807e+01, 1.56599998e+01, 0., -2.32907600e+01, 1.56899996e+01,
    0., -2.32172394e+01, 1.57200003e+01, 0., -2.31302795e+01,
    1.57500000e+01, 0., -2.30668793e+01, 1.57799997e+01, 0.,
    -2.30034809e+01, 1.58100004e+01, 0., -2.29220104e+01, 1.58400002e+01,
    0., -2.28564091e+01, 1.58699999e+01, 0., -2.27908096e+01,
    1.58999996e+01, 0., -2.27083492e+01, 1.59300003e+01, 0.,
    -2.26423893e+01, 1.59600000e+01, 0., -2.25590096e+01, 1.59899998e+01,
    0., -2.24893303e+01, 1.60200005e+01, 0., -2.24196491e+01,
    1.60499992e+01, 0., -2.23362103e+01, 1.60799999e+01, 0.,
    -2.22714500e+01, 1.61100006e+01, 0., -2.22066898e+01, 1.61399994e+01,
    0., -2.21302700e+01, 1.61700001e+01, 0., -2.20715504e+01,
    1.62000008e+01, 0., -2.19955196e+01, 1.62299995e+01, 0.,
    -2.19265194e+01, 1.62600002e+01, 0., -2.18575191e+01, 1.62900009e+01,
    0., -2.17765694e+01, 1.63199997e+01, 0., -2.17183304e+01,
    1.63500004e+01, 0., -2.16600895e+01, 1.63799992e+01, 0.,
    -2.15773106e+01, 1.64099998e+01, 0., -2.15091095e+01, 1.64400005e+01,
    0., -2.14277592e+01, 1.64699993e+01, 0., -2.13755608e+01,
    1.65000000e+01, 0., -2.13233604e+01, 1.65300007e+01, 0.,
    -2.12519798e+01, 1.65599995e+01, 0., -2.11916199e+01, 1.65900002e+01,
    0., -2.11136703e+01, 1.66200008e+01, 0., -2.10483494e+01,
    1.66499996e+01, 0., -2.09830303e+01, 1.66800003e+01, 0.,
    -2.09098701e+01, 1.67099991e+01, 0., -2.08559093e+01, 1.67399998e+01,
    0., -2.07886505e+01, 1.67700005e+01, 0., -2.07354507e+01,
    1.67999992e+01, 0., -2.06822491e+01, 1.68299999e+01, 0.,
    -2.06032906e+01, 1.68600006e+01, 0., -2.05376892e+01, 1.68899994e+01,
    0., -2.04594307e+01, 1.69200001e+01, 0., -2.04091091e+01,
    1.69500008e+01, 0., -2.03587894e+01, 1.69799995e+01, 0.,
    -2.02914696e+01, 1.70100002e+01, 0., -2.02353497e+01, 1.70400009e+01,
    0., -2.01689606e+01, 1.70699997e+01, 0., -2.01203594e+01,
    1.71000004e+01, 0., -2.00717602e+01, 1.71299992e+01, 0.,
    -2.00017700e+01, 1.71599998e+01, 0., -1.99440098e+01, 1.71900005e+01,
    0., -1.98711109e+01, 1.72199993e+01, 0., -1.98121490e+01,
    1.72500000e+01, 0., -1.97531891e+01, 1.72800007e+01, 0.,
    -1.96851006e+01, 1.73099995e+01, 0., -1.96317806e+01, 1.73400002e+01,
    0., -1.95697803e+01, 1.73700008e+01, 0., -1.95227394e+01,
    1.73999996e+01, 0., -1.94630108e+01, 1.74300003e+01, 0.,
    -1.94124908e+01, 1.74599991e+01, 0., -1.93619709e+01, 1.74899998e+01,
    0., -1.92981300e+01, 1.75200005e+01, 0., -1.92469692e+01,
    1.75499992e+01, 0., -1.91734791e+01, 1.75799999e+01, 0.,
    -1.91096001e+01, 1.76100006e+01, 0., -1.90457191e+01, 1.76399994e+01,
    0., -1.89840393e+01, 1.76700001e+01, 0., -1.89383602e+01,
    1.77000008e+01, 0., -1.88807297e+01, 1.77299995e+01, 0.,
    -1.88343697e+01, 1.77600002e+01, 0., -1.87736607e+01, 1.77900009e+01,
    0., -1.87218208e+01, 1.78199997e+01, 0., -1.86586609e+01,
    1.78500004e+01, 0., -1.86135406e+01, 1.78799992e+01, 0.,
    -1.85684204e+01, 1.79099998e+01, 0., -1.85006504e+01, 1.79400005e+01,
    0., -1.84441700e+01, 1.79699993e+01, 0., -1.83824806e+01, 18., 0.,
    -1.83379192e+01, 1.80300007e+01, 0., -1.82805099e+01, 1.80599995e+01,
    0., -1.82326698e+01, 1.80900002e+01, 0., -1.81731300e+01,
    1.81200008e+01, 0., -1.81263695e+01, 1.81499996e+01, 0.,
    -1.80796108e+01, 1.81800003e+01, 0., -1.80231705e+01, 1.82099991e+01,
    0., -1.79791298e+01, 1.82399998e+01, 0., -1.79198608e+01,
    1.82700005e+01, 0., -1.78674202e+01, 1.82999992e+01, 0.,
    -1.78038597e+01, 1.83299999e+01, 0., -1.77595005e+01, 1.83600006e+01,
    0., -1.77151394e+01, 1.83899994e+01, 0., -1.76588993e+01,
    1.84200001e+01, 0., -1.76137791e+01, 1.84500008e+01, 0.,
    -1.75565300e+01, 1.84799995e+01, 0., -1.75102901e+01, 1.85100002e+01,
    0., -1.74519691e+01, 1.85400009e+01, 0., -1.74046898e+01,
    1.85699997e+01, 0., -1.73461704e+01, 1.86000004e+01, 0.,
    -1.73002110e+01, 1.86299992e+01, 0., -1.72542496e+01, 1.86599998e+01,
    0., -1.71950302e+01, 1.86900005e+01, 0., -1.71473904e+01,
    1.87199993e+01, 0., -1.70926800e+01, 1.87500000e+01, 0.,
    -1.70498791e+01, 1.87800007e+01, 0., -1.69941998e+01, 1.88099995e+01,
    0., -1.69485607e+01, 1.88400002e+01, 0., -1.68920593e+01,
    1.88700008e+01, 0., -1.68476200e+01, 1.88999996e+01, 0.,
    -1.67957306e+01, 1.89300003e+01, 0., -1.67662506e+01, 1.89599991e+01,
    0., -1.67255402e+01, 1.89899998e+01, 0., -1.66807404e+01,
    1.90200005e+01, 0., -1.66238194e+01, 1.90499992e+01, 0.,
    -1.65756207e+01, 1.90799999e+01, 0., -1.65274200e+01, 1.91100006e+01,
    0., -1.64755898e+01, 1.91399994e+01, 0., -1.64358292e+01,
    1.91700001e+01, 0., -1.63845291e+01, 1.92000008e+01, 0.,
    -1.63426895e+01, 1.92299995e+01, 0., -1.62873993e+01, 1.92600002e+01,
    0., -1.62397594e+01, 1.92900009e+01, 0., -1.61825104e+01,
    1.93199997e+01, 0., -1.61396294e+01, 1.93500004e+01, 0.,
    -1.60863094e+01, 1.93799992e+01, 0., -1.60445499e+01, 1.94099998e+01,
    0., -1.60027905e+01, 1.94400005e+01, 0., -1.59546604e+01,
    1.94699993e+01, 0., -1.59170198e+01, 1.95000000e+01, 0.,
    -1.58672104e+01, 1.95300007e+01, 0., -1.58268499e+01, 1.95599995e+01,
    0., -1.57767296e+01, 1.95900002e+01, 0., -1.57367697e+01,
    1.96200008e+01, 0., -1.56861801e+01, 1.96499996e+01, 0.,
    -1.56453800e+01, 1.96800003e+01, 0., -1.55914898e+01, 1.97099991e+01,
    0., -1.55468903e+01, 1.97399998e+01, 0., -1.54922504e+01,
    1.97700005e+01, 0., -1.54499302e+01, 1.97999992e+01, 0.,
    -1.54028196e+01, 1.98299999e+01, 0., -1.53721800e+01, 1.98600006e+01,
    0., -1.53273001e+01, 1.98899994e+01, 0., -1.52835398e+01,
    1.99200001e+01, 0., -1.52311001e+01, 1.99500008e+01, 0.,
    -1.51964598e+01, 1.99799995e+01, 0., -1.51511202e+01, 2.00100002e+01,
    0., -1.51085596e+01, 2.00400009e+01, 0., -1.50660000e+01,
    2.00699997e+01, 0., -1.50140104e+01, 2.01000004e+01, 0.,
